603
147 138
130 113
127 129
131 132
141 113
102 134
134 136
136 134
135 137
132 125
129 122
141 108
110 111
107 110
131 143
141 132
141 118
103 142
105 114
114 116
105 145
126 105
111 144
115 140
103 112
118 110
134 128
120 108
118 114
149 132
135 116
144 127
143 123
145 111
105 135
143 114
127 126
119 120
114 147
139 108
140 120
142 110
109 112
137 146
103 119
132 132
132 122
124 128
117 109
104 147
114 146
134 125
124 117
130 145
116 124
134 149
126 139
141 134
102 111
121 125
149 123
126 117
105 109
110 109
132 143
128 131
139 139
113 130
107 140
128 129
113 119
138 138
144 148
147 146
122 134
137 114
147 113
131 147
133 107
140 107
146 145
143 148
137 139
134 121
133 127
124 107
140 124
102 145
147 140
136 109
121 148
134 128
113 116
126 107
131 132
137 132
124 135
120 124
114 116
118 109
141 125
143 147
123 122
129 110
148 120
119 139
126 112
113 135
149 136
136 136
127 137
129 115
125 109
149 125
109 110
106 141
114 137
107 117
116 128
137 105
145 135
120 136
124 149
123 123
135 134
122 142
130 147
111 149
108 135
149 114
136 133
137 125
138 132
133 123
123 124
144 135
105 103
104 113
122 105
112 143
127 123
134 131
114 135
146 105
129 118
124 110
102 103
149 126
149 147
129 102
120 121
109 145
130 114
147 141
137 103
143 135
129 126
102 113
125 138
131 114
102 133
122 147
104 122
130 105
129 138
114 111
143 140
124 130
148 127
105 147
116 126
124 126
116 130
134 146
145 129
103 131
146 143
124 108
106 108
126 108
111 129
118 135
139 110
142 147
143 140
113 113
137 127
147 145
141 128
131 111
105 138
121 137
149 145
128 120
120 111
148 113
149 136
137 144
142 141
129 135
146 110
122 105
137 145
121 102
131 135
133 114
134 123
120 149
141 127
109 122
116 126
136 124
144 123
122 137
123 126
128 116
103 136
113 137
103 145
141 121
108 111
122 118
146 135
121 125
114 128
118 112
146 126
123 136
139 137
126 141
112 102
119 120
131 116
122 127
135 121
113 147
107 123
127 134
113 133
107 134
108 107
138 131
144 126
122 106
125 128
113 106
131 123
104 132
108 123
134 115
130 116
124 130
123 143
143 108
129 113
114 105
104 114
115 118
131 124
134 133
116 124
106 133
106 111
133 136
117 124
131 140
110 124
106 136
109 117
113 134
135 140
131 139
145 137
141 143
149 125
116 148
141 132
114 129
125 126
117 118
110 107
126 104
112 145
107 119
113 147
145 126
140 106
131 107
143 111
142 131
138 117
109 112
104 139
110 116
133 119
124 147
114 120
123 127
125 134
136 147
128 144
126 120
119 148
134 145
111 131
144 146
147 148
141 143
135 108
133 104
118 123
116 127
115 133
109 104
124 105
143 148
122 104
149 106
139 106
138 137
103 145
147 143
105 124
138 106
124 132
123 128
121 124
143 139
108 128
149 136
106 136
114 120
117 135
104 132
130 144
140 148
145 106
125 106
108 111
121 146
149 119
108 114
124 127
119 115
144 135
149 148
121 122
136 112
143 142
116 124
132 116
121 137
134 118
114 141
145 131
122 133
112 111
140 104
131 143
123 123
124 106
104 132
149 122
147 105
118 146
146 130
127 102
122 114
118 113
112 139
111 108
133 105
138 104
141 114
121 108
113 126
112 140
109 131
115 145
133 122
119 129
106 123
112 109
124 147
122 109
147 119
109 120
111 116
147 113
106 147
137 111
130 128
120 117
110 132
136 142
109 122
133 110
115 117
145 118
127 148
105 136
104 137
120 128
119 144
115 142
126 125
109 121
143 122
106 105
135 136
121 142
147 123
103 117
142 106
108 117
140 111
132 143
140 123
117 136
132 104
107 137
129 111
148 122
103 124
125 118
141 114
112 128
102 136
107 109
115 110
138 120
116 149
144 128
147 139
117 111
105 135
106 132
139 124
112 119
121 102
138 119
149 130
143 119
119 136
103 149
149 106
141 146
133 147
124 117
144 123
120 132
132 121
134 112
147 133
135 133
114 108
103 132
144 149
114 106
125 138
107 126
105 103
143 130
147 106
122 119
136 145
148 107
149 126
134 123
131 103
106 112
107 118
104 123
111 102
104 140
137 113
135 140
102 128
128 122
148 132
108 120
132 103
121 124
120 133
139 123
147 132
139 123
122 122
111 135
113 111
111 112
136 122
119 104
115 141
119 109
126 108
116 139
149 136
133 123
145 141
109 113
115 129
129 102
148 146
131 116
124 121
124 145
104 147
137 112
121 132
107 140
144 138
106 112
142 107
103 139
141 113
105 114
132 103
105 136
125 124
145 137
108 144
137 128
111 109
111 103
123 120
131 124
131 126
117 142
116 149
113 140
134 129
144 139
142 138
106 148
102 118
148 133
137 143
114 147
123 127
122 108
109 111
118 141
128 127
137 139
147 109
121 118
131 115
107 110
107 110
113 117
139 145
114 104
102 131
112 130
128 113
136 138
120 107
122 141
113 148
118 109
137 104
120 128
112 125
145 104
144 137
131 144
145 127
105 127
133 146
112 129
145 109
119 126
125 133
123 116
139 125
139 124
148 128
122 104
131 103
140 121
139 132
147 136
143 121
128 131
132 145
122 128
135 110
119 132
127 129
137 146
112 108
119 106
102 106
111 145
110 123
141 121
110 104
133 140
130 113
124 120
132 109
127 146
