849
-538 -530
-539 -550
-543 -550
-527 -547
-540 -556
-527 -540
-549 -542
-557 -529
-544 -549
-537 -556
-552 -544
-528 -543
-548 -533
-540 -533
-534 -533
-542 -552
-556 -534
-539 -530
-540 -534
-553 -535
-533 -537
-557 -540
-549 -549
-557 -536
-547 -555
-539 -530
-546 -547
-549 -533
-532 -529
-531 -537
-544 -533
-529 -527
-545 -541
-549 -531
-539 -556
-542 -545
-530 -540
-551 -529
-539 -528
-553 -537
-536 -553
-555 -542
-556 -554
-554 -542
-528 -548
-540 -553
-537 -536
-556 -539
-553 -535
-553 -528
-549 -548
-557 -537
-537 -549
-550 -547
-551 -538
-527 -537
-552 -545
-538 -551
-536 -550
-531 -548
-553 -555
-556 -545
-532 -557
-535 -544
-553 -542
-532 -555
-542 -549
-545 -549
-555 -535
-535 -557
-540 -533
-545 -539
-551 -549
-537 -551
-529 -548
-528 -545
-555 -548
-551 -551
-534 -534
-546 -527
-544 -545
-542 -533
-544 -534
-547 -540
-554 -534
-549 -530
-549 -543
-543 -557
-550 -553
-534 -529
-543 -549
-547 -553
-539 -532
-535 -550
-543 -541
-538 -538
-550 -553
-528 -544
-539 -527
-543 -547
-542 -553
-556 -551
-533 -528
-540 -537
-542 -543
-554 -539
-557 -533
-528 -527
-547 -543
-542 -529
-537 -544
-548 -528
-538 -546
-535 -553
-533 -541
-556 -539
-538 -530
-541 -535
-530 -555
-533 -540
-551 -527
-547 -530
-535 -532
-534 -528
-552 -550
-532 -554
-548 -542
-530 -538
-551 -555
-543 -555
-557 -535
-550 -548
-532 -531
-540 -557
-555 -551
-528 -544
-539 -544
-554 -536
-553 -556
-557 -546
-538 -557
-546 -529
-547 -553
-528 -555
-536 -548
-540 -536
-540 -537
-551 -542
-556 -555
-528 -528
-552 -544
-542 -539
-538 -557
-552 -529
-544 -551
-534 -532
-539 -549
-548 -540
-532 -550
-553 -542
-546 -551
-536 -539
-531 -552
-557 -544
-545 -548
-551 -547
-541 -553
-550 -553
-551 -540
-541 -539
-532 -547
-545 -549
-543 -528
-548 -537
-550 -541
-543 -531
-549 -557
-544 -552
-533 -545
-542 -555
-534 -554
-533 -557
-534 -531
-532 -545
-533 -531
-554 -548
-551 -554
-534 -537
-534 -543
-551 -539
-548 -543
-528 -540
-547 -555
-556 -527
-557 -534
-544 -529
-543 -539
-531 -554
-551 -554
-528 -533
-529 -536
-530 -527
-552 -549
-533 -552
-531 -543
-529 -539
-540 -539
-554 -535
-546 -555
-538 -549
-551 -536
-538 -535
-531 -530
-556 -542
-530 -538
-528 -542
-546 -544
-539 -553
-546 -554
-557 -545
-539 -532
-532 -550
-534 -550
-553 -539
-529 -545
-541 -537
-542 -549
-547 -546
-541 -528
-542 -545
-536 -533
-529 -539
-548 -527
-547 -537
-543 -544
-542 -527
-533 -545
-532 -553
-534 -548
-532 -547
-553 -550
-546 -534
-529 -554
-527 -529
-554 -528
-538 -528
-532 -546
-540 -544
-541 -540
-548 -547
-547 -529
-550 -533
-529 -542
-548 -535
-542 -537
-548 -540
-542 -527
-547 -554
-543 -527
-554 -553
-556 -535
-555 -551
-533 -536
-544 -554
-527 -527
-548 -549
-533 -535
-539 -552
-539 -541
-527 -527
-530 -537
-541 -530
-546 -531
-547 -552
-550 -536
-542 -531
-555 -543
-529 -544
-536 -553
-538 -542
-540 -545
-531 -532
-546 -549
-553 -548
-550 -534
-550 -546
-529 -556
-530 -539
-531 -536
-536 -554
-531 -551
-527 -543
-549 -533
-554 -538
-548 -552
-528 -554
-530 -555
-551 -542
-548 -537
-527 -538
-528 -537
-536 -548
-552 -536
-528 -552
-533 -538
-546 -537
-534 -554
-554 -552
-533 -555
-550 -542
-557 -536
-536 -554
-550 -542
-533 -529
-533 -547
-547 -556
-534 -539
-555 -530
-531 -533
-530 -538
-532 -557
-530 -544
-541 -554
-556 -545
-548 -527
-533 -539
-534 -528
-533 -545
-551 -531
-548 -557
-551 -550
-527 -543
-551 -538
-538 -548
-534 -534
-542 -553
-543 -542
-555 -544
-549 -532
-553 -539
-553 -554
-545 -530
-554 -545
-530 -544
-556 -547
-546 -554
-550 -537
-553 -533
-557 -536
-535 -557
-550 -548
-552 -527
-544 -553
-557 -554
-531 -547
-538 -529
-553 -543
-552 -530
-550 -533
-529 -551
-529 -553
-544 -543
-538 -544
-532 -531
-542 -533
-549 -542
-543 -547
-533 -543
-536 -529
-534 -530
-537 -551
-556 -550
-552 -548
-546 -550
-549 -528
-554 -527
-536 -542
-555 -533
-532 -538
-557 -544
-539 -540
-555 -531
-542 -532
-531 -555
-534 -544
-538 -529
-534 -552
-528 -541
-544 -543
-545 -545
-547 -538
-544 -554
-528 -533
-547 -544
-530 -541
-528 -536
-535 -550
-549 -538
-549 -543
-528 -542
-527 -554
-539 -541
-535 -527
-540 -534
-541 -551
-527 -541
-530 -534
-540 -539
-529 -533
-528 -544
-538 -556
-534 -543
-545 -533
-548 -535
-549 -530
-556 -529
-548 -541
-539 -555
-538 -548
-534 -548
-553 -535
-533 -557
-556 -532
-544 -551
-533 -532
-547 -535
-550 -548
-551 -539
-529 -548
-537 -541
-535 -540
-531 -543
-554 -553
-533 -548
-539 -547
-535 -541
-555 -540
-540 -535
-556 -550
-548 -551
-543 -527
-556 -536
-544 -554
-554 -542
-527 -542
-528 -540
-527 -529
-557 -540
-528 -555
-549 -549
-527 -538
-554 -552
-543 -537
-539 -545
-532 -540
-535 -550
-549 -539
-536 -528
-527 -530
-547 -552
-531 -533
-535 -540
-535 -550
-537 -532
-552 -552
-529 -542
-555 -536
-530 -555
-533 -539
-557 -543
-541 -539
-545 -543
-534 -545
-542 -538
-549 -531
-531 -557
-543 -553
-543 -552
-557 -556
-552 -529
-549 -552
-540 -556
-546 -545
-531 -532
-544 -553
-547 -553
-532 -528
-537 -549
-545 -538
-547 -544
-548 -538
-532 -550
-532 -539
-556 -533
-541 -553
-527 -544
-537 -540
-529 -535
-541 -550
-528 -546
-542 -539
-532 -544
-548 -540
-531 -539
-536 -552
-544 -555
-549 -527
-543 -557
-555 -547
-539 -536
-548 -533
-549 -546
-531 -535
-536 -546
-539 -533
-533 -528
-527 -536
-544 -537
-528 -540
-542 -531
-542 -546
-539 -529
-536 -527
-534 -550
-550 -542
-530 -532
-539 -552
-542 -544
-551 -549
-543 -553
-538 -535
-540 -550
-544 -533
-554 -546
-556 -550
-549 -557
-552 -554
-527 -528
-527 -547
-542 -553
-533 -545
-555 -545
-549 -553
-531 -539
-530 -549
-529 -551
-557 -554
-528 -556
-531 -551
-554 -553
-544 -556
-540 -541
-530 -542
-536 -532
-546 -543
-528 -528
-533 -535
-540 -547
-528 -546
-538 -527
-548 -553
-548 -528
-527 -528
-530 -547
-535 -556
-537 -537
-553 -550
-540 -541
-551 -552
-536 -538
-556 -552
-529 -543
-538 -546
-557 -530
-546 -548
-557 -549
-539 -551
-539 -548
-548 -552
-553 -557
-535 -527
-548 -538
-536 -532
-533 -557
-554 -544
-547 -543
-548 -552
-543 -542
-545 -538
-553 -530
-541 -540
-551 -544
-557 -548
-552 -546
-530 -529
-554 -530
-557 -530
-536 -531
-529 -552
-540 -542
-535 -528
-538 -530
-530 -554
-538 -537
-550 -549
-557 -528
-548 -550
-553 -554
-529 -530
-537 -531
-532 -552
-543 -543
-528 -550
-545 -551
-540 -542
-527 -545
-548 -548
-527 -527
-555 -546
-538 -548
-556 -529
-556 -554
-537 -542
-540 -536
-551 -535
-554 -533
-538 -550
-533 -545
-541 -556
-541 -537
-538 -545
-539 -531
-555 -549
-538 -528
-535 -531
-534 -537
-545 -552
-551 -550
-555 -554
-528 -537
-535 -544
-532 -543
-538 -540
-529 -528
-536 -533
-552 -556
-550 -531
-551 -555
-531 -547
-537 -527
-551 -554
-536 -545
-539 -531
-557 -527
-536 -557
-542 -543
-528 -544
-527 -527
-541 -531
-527 -555
-540 -530
-535 -551
-527 -540
-548 -542
-541 -530
-551 -547
-556 -541
-537 -530
-546 -547
-552 -527
-546 -538
-543 -532
-529 -551
-555 -552
-529 -551
-528 -536
-547 -535
-529 -551
-547 -532
-542 -545
-535 -548
-555 -531
-537 -544
-544 -541
-535 -538
-556 -545
-530 -533
-529 -533
-543 -550
-547 -528
-530 -556
-542 -552
-529 -554
-545 -528
-540 -554
-536 -545
-544 -542
-537 -539
-553 -544
-554 -547
-541 -551
-535 -548
-546 -539
-551 -536
-536 -543
-535 -528
-527 -535
-552 -546
-534 -538
-537 -547
-536 -541
-532 -555
-527 -528
-553 -543
-542 -544
-556 -537
-527 -552
-554 -538
-536 -549
-529 -527
-552 -544
-546 -552
-534 -531
-541 -538
-534 -544
-542 -529
-530 -528
-547 -541
-541 -546
-555 -547
-527 -557
-531 -546
-540 -552
-528 -545
-541 -556
-528 -536
-529 -551
-527 -541
-536 -528
-555 -552
-549 -538
-543 -531
-545 -538
-535 -554
-537 -538
-534 -543
-528 -539
-537 -532
-529 -544
-533 -534
-542 -532
-547 -543
-532 -551
-552 -535
-539 -527
-554 -529
-539 -555
-542 -533
-554 -547
-536 -527
-551 -534
-542 -555
-550 -528
-552 -545
-550 -534
-546 -533
-551 -538
-546 -557
-536 -532
-549 -527
-530 -545
-541 -557
-555 -529
-540 -552
-533 -548
-527 -528
-547 -542
-547 -554
-550 -530
-535 -527
-555 -544
-554 -547
-533 -542
-528 -542
-534 -536
-537 -530
-557 -543
-543 -529
-556 -540
-543 -545
-532 -547
-557 -538
-541 -541
-541 -546
-557 -534
-538 -534
-541 -545
-557 -548
-556 -541
-537 -539
-528 -544
-538 -547
-546 -531
-537 -554
-542 -542
-537 -550
-528 -543
-540 -536
-548 -528
-534 -537
-556 -527
-530 -529
-547 -543
-537 -530
-549 -531
-547 -529
-553 -556
-545 -544
-543 -554
-548 -534
-544 -548
-551 -552
-543 -532
-536 -544
-547 -556
-545 -534
-529 -532
-551 -552
-534 -527
-533 -548
-550 -547
-540 -530
-539 -542
-527 -551
-542 -529
-533 -533
-531 -551
-541 -535
-553 -535
-539 -532
-555 -549
-530 -533
-539 -534
-555 -545
-540 -533
-540 -540
-534 -554
-542 -542
-540 -554
