779
556 567
571 559
539 607
587 535
550 544
539 612
535 577
577 581
581 625
613 597
569 568
621 581
588 573
589 544
587 604
587 573
543 536
572 596
587 555
550 531
549 544
588 563
581 601
583 534
556 543
556 574
619 583
557 561
552 600
595 579
614 617
588 533
620 611
587 532
600 605
586 560
595 604
563 584
590 554
586 618
580 536
591 576
570 585
554 574
566 549
565 557
534 548
552 568
545 533
622 589
610 579
606 557
544 548
546 601
532 543
605 602
581 546
577 557
571 595
546 575
594 594
564 579
606 602
598 618
615 615
564 605
554 602
570 604
594 594
537 574
567 616
537 607
604 545
601 574
608 594
564 557
580 606
541 590
553 572
618 566
538 623
601 559
533 584
531 607
558 582
613 567
571 531
601 586
556 589
589 561
609 596
598 557
584 610
587 552
600 595
617 574
602 603
544 537
560 561
570 575
607 548
625 599
621 578
542 576
560 602
625 582
591 594
562 531
565 610
565 539
604 606
619 556
581 623
545 544
560 578
608 599
567 547
599 544
561 589
569 546
552 580
620 606
554 541
539 542
610 590
622 567
592 571
595 537
615 539
560 573
622 619
591 621
582 613
598 554
554 548
593 625
570 567
557 577
570 581
531 575
619 570
539 573
570 617
579 552
576 563
594 566
546 614
619 548
579 600
555 538
613 568
580 594
570 556
539 613
583 594
586 556
541 614
541 599
610 571
553 547
574 577
567 554
559 551
596 553
547 561
538 537
549 591
589 607
597 584
547 553
586 562
607 584
615 575
593 594
616 587
559 561
533 555
543 570
584 587
538 568
619 544
618 573
610 616
560 556
587 561
567 571
566 532
620 533
534 533
534 588
601 588
604 549
609 566
573 589
599 533
554 601
594 605
563 612
579 603
623 620
600 618
578 536
581 573
582 531
584 613
555 547
540 546
542 533
582 576
624 608
563 566
548 600
561 533
604 566
575 590
600 623
552 532
534 539
603 573
588 614
591 541
590 607
611 552
568 589
596 615
541 538
616 567
575 541
555 562
563 557
562 595
548 555
599 533
599 576
547 585
537 533
538 545
581 578
585 546
581 582
615 572
568 537
592 553
597 595
535 550
583 561
548 549
606 551
575 564
546 531
533 618
556 573
552 605
618 620
568 556
595 623
541 588
538 589
566 554
540 546
578 609
582 559
606 613
600 607
616 599
614 563
543 623
587 599
601 575
552 609
581 550
578 576
554 605
607 560
596 593
547 585
537 557
619 535
557 623
545 596
589 560
582 587
535 567
554 580
562 552
625 624
611 550
625 544
586 572
574 558
539 554
597 544
547 600
608 569
574 621
611 548
605 593
547 558
550 615
620 591
556 557
536 562
613 536
540 573
570 578
564 544
609 561
621 565
623 545
580 534
563 595
585 564
622 599
574 600
558 586
622 623
560 580
618 585
579 539
565 543
551 577
616 610
597 594
571 568
585 602
531 624
569 543
545 557
609 543
576 594
600 562
609 562
578 546
559 622
541 567
564 570
533 615
548 581
625 574
568 539
600 589
534 593
567 618
592 595
610 599
600 552
540 582
594 570
595 545
561 605
588 572
593 547
560 603
616 618
542 584
576 545
556 551
562 587
586 565
584 574
600 618
558 597
578 562
558 578
562 571
537 581
625 545
624 624
595 584
561 587
567 549
535 535
585 577
579 558
584 576
541 598
562 544
531 618
534 600
555 613
621 588
587 544
589 583
577 534
551 531
561 602
614 561
556 571
573 537
584 576
615 538
574 606
592 537
608 601
575 613
625 558
534 555
601 611
554 540
550 625
601 553
552 541
566 606
536 545
613 553
557 560
622 550
593 583
552 562
576 603
550 613
611 562
557 560
601 593
547 568
555 532
546 544
613 566
553 560
615 597
614 574
576 621
562 609
605 534
533 603
601 560
554 549
543 576
572 569
543 561
575 581
618 571
609 591
600 562
585 571
578 602
562 618
552 602
566 581
602 624
609 605
573 600
559 534
543 540
560 582
565 576
567 607
587 611
585 564
552 567
616 568
568 617
546 561
537 597
547 588
533 608
624 614
618 533
608 551
536 625
592 608
591 592
598 583
536 550
590 543
594 621
577 535
625 549
565 577
615 583
571 595
570 543
623 545
610 608
619 551
617 562
561 580
576 601
603 603
611 580
539 619
536 535
562 601
605 616
580 577
571 599
559 594
565 584
573 607
606 606
592 578
569 558
556 606
588 575
549 577
541 606
555 620
573 603
600 544
603 554
569 555
612 549
604 603
562 606
569 544
609 540
554 555
531 575
590 541
610 584
618 582
610 623
561 569
617 531
584 591
569 599
584 557
618 578
549 616
540 618
580 559
594 608
586 584
575 606
588 585
542 572
584 573
585 542
607 613
585 609
589 546
585 618
539 607
610 552
543 620
620 575
614 610
586 543
551 605
583 587
614 620
609 549
554 569
572 612
624 551
608 567
596 612
618 543
598 594
577 579
615 539
559 601
583 573
561 615
610 545
625 619
569 607
603 596
621 612
604 579
617 623
609 574
619 553
564 537
554 561
602 555
536 622
602 607
543 589
552 580
618 536
534 621
536 617
597 589
602 624
580 595
567 578
551 556
573 615
611 536
593 534
566 574
563 617
539 557
604 573
535 590
557 561
575 573
615 617
543 551
547 589
574 592
584 559
602 552
580 572
600 583
590 612
569 608
573 579
580 575
553 592
574 585
578 617
611 592
623 543
554 532
576 553
542 545
593 563
533 557
600 584
565 606
577 543
620 604
619 593
574 594
618 563
580 561
566 602
551 612
541 571
575 617
596 620
599 578
536 618
620 544
588 547
588 597
578 608
609 601
590 544
593 532
599 607
609 548
583 607
555 558
557 619
581 542
600 614
576 555
533 581
610 544
625 560
591 596
575 577
547 584
570 566
547 564
607 614
583 558
536 606
533 598
590 562
593 614
578 587
610 543
553 620
532 616
547 596
608 597
557 588
568 621
546 547
619 569
562 591
601 545
539 601
545 602
555 600
581 583
606 597
594 547
552 620
550 540
561 586
534 557
559 615
564 539
584 602
549 583
536 598
614 603
531 554
579 615
589 584
546 574
535 563
541 539
620 539
537 567
539 607
586 552
567 590
542 586
543 587
592 586
545 624
599 571
553 569
625 537
545 536
585 609
592 603
587 561
554 555
544 577
555 580
577 623
614 551
586 610
538 537
546 601
589 617
575 538
585 570
542 552
582 574
624 602
578 587
533 592
548 580
563 607
589 583
582 577
559 551
551 583
610 564
610 559
598 536
564 606
596 607
577 618
544 612
559 602
581 625
580 538
550 562
598 572
614 618
624 537
576 574
580 538
595 592
573 623
617 551
579 602
607 606
536 602
590 591
594 588
622 586
562 592
595 549
532 579
604 553
547 597
583 610
614 573
538 540
593 590
604 559
582 592
596 606
609 620
531 622
540 619
531 620
588 537
614 577
589 534
568 581
602 605
597 574
594 602
592 550
602 594
559 596
582 617
623 601
