279
288 269
285 273
265 266
309 318
308 281
321 265
284 267
306 301
293 263
263 300
278 267
276 297
305 297
280 283
279 328
285 268
317 322
320 283
265 322
293 312
292 283
267 262
265 300
309 285
311 313
289 305
261 290
308 295
283 265
286 311
323 309
264 286
295 314
328 267
270 271
270 299
263 318
327 325
292 307
299 312
320 272
313 282
311 322
298 284
269 293
289 298
303 282
308 265
270 286
290 316
267 321
288 271
265 313
321 291
306 292
319 265
305 264
287 288
295 321
273 291
297 312
282 280
303 328
301 316
306 277
327 275
318 302
269 307
269 326
308 327
328 328
322 293
266 325
280 300
320 321
285 302
319 304
327 309
275 262
271 313
293 276
322 290
272 321
274 286
310 315
268 269
319 279
324 276
318 267
304 283
295 265
294 285
318 303
276 305
273 297
271 283
288 328
290 289
307 277
328 306
307 321
270 292
294 297
322 277
316 285
302 316
283 294
319 264
293 326
291 293
283 285
297 266
275 326
292 266
274 292
279 282
317 311
270 316
291 279
309 302
302 298
326 292
274 293
319 328
314 307
300 280
304 302
283 327
318 312
326 295
318 287
271 282
274 275
275 307
290 273
283 291
311 276
300 289
311 319
284 297
323 261
293 270
321 325
293 299
304 326
327 278
287 318
328 315
297 274
265 297
322 270
293 321
305 311
264 285
315 266
272 278
275 285
313 302
266 264
295 325
315 303
320 323
304 284
306 296
301 272
322 270
266 297
266 328
318 293
298 323
323 265
282 300
316 304
302 280
315 263
273 269
288 283
312 303
310 315
261 284
297 272
275 266
263 276
304 287
261 278
267 295
326 282
282 320
277 313
328 291
315 315
307 298
309 281
293 326
283 268
326 275
324 278
303 261
315 307
327 310
306 282
309 300
318 289
318 264
310 321
312 263
319 289
304 286
296 276
305 302
325 272
328 263
306 303
288 264
327 269
326 280
288 265
328 285
267 280
289 271
316 289
305 321
289 316
273 289
262 311
283 317
280 306
327 298
282 278
328 273
321 267
309 307
285 262
313 324
280 289
280 298
327 324
261 283
279 262
322 314
326 289
296 310
273 269
320 296
327 306
281 278
288 269
310 297
276 322
325 314
300 303
277 266
314 297
262 289
270 310
299 290
297 280
324 290
320 272
268 310
273 303
316 312
294 268
318 294
318 300
287 285
294 298
281 282
274 318
290 291
306 283
277 266
320 305
314 288
326 289
280 313
278 307
262 302
317 312
