396
-220 -119
-109 -144
-107 -222
-118 -124
-180 -148
-168 -188
-114 -173
-185 -128
-128 -222
-218 -151
-222 -122
-129 -118
-125 -157
-170 -207
-111 -112
-192 -220
-113 -113
-111 -113
-158 -201
-201 -214
-134 -123
-206 -186
-154 -144
-147 -159
-136 -133
-154 -180
-156 -163
-151 -208
-217 -196
-113 -129
-121 -107
-120 -134
-171 -180
-157 -145
-154 -123
-115 -108
-221 -221
-188 -112
-172 -224
-124 -142
-127 -153
-156 -210
-155 -174
-108 -192
-143 -220
-132 -119
-202 -163
-182 -205
-131 -154
-166 -109
-193 -147
-135 -135
-174 -108
-114 -150
-224 -126
-113 -192
-166 -141
-177 -214
-118 -182
-177 -183
-177 -214
-210 -162
-171 -135
-180 -196
-219 -224
-114 -138
-137 -215
-222 -119
-195 -122
-206 -170
-205 -219
-215 -117
-167 -185
-107 -167
-150 -139
-200 -160
-148 -169
-220 -169
-153 -162
-194 -122
-111 -201
-188 -157
-184 -177
-205 -196
-106 -127
-130 -166
-129 -133
-200 -155
-168 -130
-211 -124
-219 -173
-214 -130
-182 -140
-220 -164
-186 -108
-163 -213
-160 -218
-169 -167
-178 -105
-210 -181
-198 -133
-111 -118
-184 -206
-117 -176
-105 -184
-206 -132
-108 -223
-223 -201
-202 -178
-142 -175
-158 -181
-134 -215
-155 -172
-179 -179
-171 -208
-195 -209
-214 -189
-149 -220
-125 -112
-224 -146
-168 -137
-112 -107
-191 -148
-164 -176
-148 -212
-204 -189
-220 -204
-195 -111
-115 -135
-143 -189
-187 -194
-106 -179
-117 -213
-137 -213
-176 -223
-219 -147
-189 -217
-189 -114
-221 -164
-188 -183
-159 -147
-109 -107
-186 -158
-153 -114
-168 -167
-182 -139
-151 -105
-186 -116
-205 -204
-125 -174
-182 -213
-219 -116
-163 -202
-186 -105
-188 -211
-167 -184
-126 -220
-173 -216
-115 -126
-219 -126
-153 -179
-165 -140
-222 -194
-207 -213
-219 -159
-164 -117
-143 -224
-182 -212
-190 -117
-184 -198
-124 -158
-133 -208
-222 -106
-127 -159
-174 -215
-134 -119
-171 -125
-137 -147
-184 -140
-112 -118
-116 -200
-165 -218
-194 -143
-138 -200
-181 -114
-192 -215
-146 -224
-186 -198
-141 -211
-165 -219
-219 -165
-117 -221
-176 -150
-128 -209
-109 -173
-147 -187
-161 -200
-109 -213
-191 -130
-172 -130
-159 -193
-108 -198
-193 -159
-118 -119
-205 -106
-216 -189
-201 -214
-172 -153
-121 -200
-179 -179
-201 -113
-202 -213
-138 -181
-138 -118
-106 -162
-199 -115
-214 -195
-211 -152
-137 -130
-216 -180
-202 -181
-140 -133
-115 -190
-219 -158
-147 -203
-118 -191
-131 -176
-219 -215
-204 -212
-187 -215
-204 -169
-123 -167
-119 -145
-197 -128
-162 -149
-223 -162
-170 -222
-146 -191
-192 -142
-131 -107
-159 -126
-125 -173
-160 -124
-222 -199
-130 -160
-203 -114
-137 -207
-123 -155
-202 -127
-119 -160
-166 -126
-205 -121
-188 -166
-192 -135
-125 -127
-218 -134
-195 -144
-112 -193
-165 -187
-194 -154
-205 -223
-116 -196
-196 -134
-107 -184
-182 -205
-126 -155
-170 -176
-159 -190
-182 -168
-213 -114
-113 -193
-123 -158
-207 -181
-152 -192
-195 -194
-117 -213
-198 -188
-197 -135
-150 -108
-167 -125
-133 -161
-201 -194
-177 -202
-163 -111
-170 -118
-198 -117
-153 -184
-176 -202
-222 -182
-156 -159
-157 -160
-213 -164
-210 -201
-200 -218
-191 -110
-156 -215
-135 -170
-169 -138
-223 -209
-219 -152
-186 -174
-134 -206
-126 -156
-199 -215
-200 -214
-166 -120
-130 -210
-199 -189
-171 -163
-150 -118
-126 -131
-120 -149
-181 -175
-151 -115
-151 -189
-139 -172
-137 -163
-120 -120
-193 -115
-213 -190
-162 -119
-209 -222
-126 -137
-203 -211
-159 -215
-105 -171
-213 -119
-213 -223
-201 -142
-106 -208
-204 -217
-148 -171
-120 -137
-204 -176
-146 -110
-106 -149
-133 -180
-124 -183
-175 -165
-173 -182
-105 -117
-168 -135
-144 -173
-211 -144
-150 -119
-175 -123
-117 -174
-165 -201
-128 -167
-224 -113
-205 -165
-140 -204
-152 -192
-131 -147
-187 -168
-210 -216
-133 -117
-185 -165
-145 -134
-191 -219
-209 -163
-224 -165
-164 -165
-194 -125
-137 -180
-119 -148
-105 -183
-170 -106
-170 -142
-211 -161
-140 -120
-189 -167
-105 -191
-146 -220
-118 -128
-150 -147
-224 -160
-114 -175
-156 -185
-127 -222
-116 -152
-187 -208
-150 -156
-205 -164
-115 -151
-183 -177
-223 -139
-140 -195
-147 -109
-154 -194
-133 -127
-214 -217
-165 -135
-202 -147
-109 -110
-156 -129
