594
202 211
223 230
209 228
202 202
233 225
230 228
214 225
223 228
223 224
215 209
224 216
216 236
211 202
227 212
230 232
219 224
217 213
211 209
236 217
200 216
230 211
221 208
223 232
207 207
228 227
234 219
231 212
232 208
227 220
228 225
223 213
233 206
199 224
221 227
216 216
200 226
221 209
221 201
233 222
233 199
212 214
236 202
215 237
211 199
224 227
236 217
217 220
227 207
226 212
219 237
217 215
201 213
221 220
208 233
214 210
215 207
237 218
237 205
221 205
208 206
226 216
211 215
216 237
217 235
235 219
210 234
202 215
219 224
219 228
226 223
238 232
231 218
208 229
212 224
224 238
222 221
204 233
210 236
208 199
222 203
212 228
225 225
228 199
208 227
234 208
211 223
237 225
220 225
230 227
216 209
203 220
229 200
219 222
238 215
213 202
212 236
199 215
200 229
236 215
233 218
216 227
215 206
214 201
219 207
217 200
201 229
211 217
238 238
215 211
226 227
211 208
223 228
213 210
237 206
200 235
232 205
211 235
238 212
214 206
231 223
201 230
221 236
203 236
201 199
226 226
235 223
207 235
219 207
203 219
225 227
204 232
215 209
201 219
229 207
216 213
213 225
206 201
221 212
232 218
236 220
226 214
204 234
217 212
213 200
203 210
207 230
231 199
222 202
228 227
231 226
229 203
216 226
202 210
222 202
217 226
210 229
236 226
233 232
235 203
221 221
231 201
233 209
234 214
233 233
218 204
230 211
201 218
227 203
205 199
201 202
234 236
213 234
229 219
205 234
229 214
210 200
215 221
233 232
234 205
203 218
231 214
199 233
216 218
234 202
238 236
222 234
219 218
238 218
221 224
222 211
202 218
217 227
206 216
202 223
226 214
228 221
216 224
221 219
218 212
200 232
219 232
229 235
215 230
233 210
233 214
208 230
219 216
238 215
222 226
208 213
221 220
214 205
223 229
228 209
229 218
227 234
231 208
205 235
217 211
215 236
215 234
237 206
207 237
233 217
236 234
203 233
234 202
206 232
218 218
217 237
205 225
227 234
221 213
216 211
209 233
237 209
205 212
214 201
235 237
238 217
218 225
211 213
214 217
235 220
204 206
227 229
217 230
201 237
220 225
230 234
214 231
222 216
204 221
221 207
236 226
225 199
225 216
214 222
222 226
215 231
216 236
201 210
228 214
218 212
228 217
224 215
236 237
201 221
225 222
205 227
216 227
222 238
224 219
234 237
237 217
220 227
217 238
230 233
201 205
232 205
204 210
200 228
206 225
202 235
216 218
228 236
222 218
224 237
203 222
223 201
231 203
204 223
212 228
200 210
201 216
226 214
236 200
208 226
215 215
213 237
205 224
213 210
226 201
226 237
219 212
232 223
212 220
224 234
228 208
201 227
209 234
208 211
228 238
200 213
222 214
205 199
235 214
208 230
209 235
211 235
231 238
208 202
199 199
211 201
228 218
227 225
231 208
214 211
213 232
214 214
214 225
232 219
232 215
231 210
213 210
232 201
238 205
223 200
225 223
231 215
212 200
223 210
201 225
205 216
235 226
224 200
234 205
216 207
237 215
231 224
216 205
224 207
234 227
208 231
235 226
231 236
209 212
216 234
217 225
236 218
215 236
222 216
208 211
235 205
231 237
229 231
217 228
231 219
206 211
202 204
199 237
204 199
214 215
210 223
221 199
237 228
238 220
224 225
222 238
219 208
218 226
233 230
210 225
203 230
210 224
209 213
228 219
220 207
210 207
208 201
210 231
211 219
206 214
234 222
212 234
227 228
217 208
238 238
208 199
233 221
205 227
209 236
223 209
199 216
214 201
224 233
200 222
220 218
211 218
233 235
224 214
199 202
215 237
229 201
209 234
219 232
220 234
205 199
203 201
229 237
233 206
202 223
206 217
215 219
233 204
228 227
207 199
211 206
215 229
226 233
214 233
221 205
233 225
203 223
224 238
228 212
229 199
234 209
205 201
199 214
203 224
208 228
232 211
228 199
234 236
201 205
226 203
222 216
238 236
200 236
211 201
226 200
213 237
209 236
216 225
206 220
214 230
231 200
220 207
204 233
207 221
236 217
238 208
208 209
219 210
211 205
216 231
210 230
216 231
227 212
199 226
229 227
235 237
224 213
217 203
234 223
215 230
225 208
222 207
221 210
235 222
208 229
199 220
225 225
217 224
202 200
207 221
232 230
216 221
215 229
218 225
237 217
221 234
210 213
230 232
223 202
233 229
210 221
207 199
219 219
227 224
236 236
216 220
219 227
218 235
225 210
223 220
230 226
213 217
228 206
232 199
211 224
217 199
230 206
203 234
223 238
201 227
203 206
226 214
200 226
220 224
207 216
221 225
210 224
232 238
224 222
209 225
199 232
204 220
206 222
213 204
215 203
229 238
227 212
223 202
202 224
201 214
207 218
212 218
221 220
230 228
237 221
235 204
214 221
223 233
216 228
231 205
204 233
201 236
235 219
221 209
225 210
228 203
228 207
230 206
220 199
228 228
232 235
224 221
217 216
220 213
204 225
202 236
224 205
236 217
216 208
229 213
209 229
210 235
203 215
210 238
215 199
200 214
202 199
236 228
204 202
219 216
233 218
233 224
211 215
211 222
212 217
234 223
238 217
218 200
229 206
209 219
215 232
221 206
199 230
218 236
218 216
212 222
228 224
