727
-204 -42
-73 -70
-42 -57
-57 -124
-206 -42
-173 -50
-80 -41
-180 -50
-126 -86
-175 -89
-77 -89
-134 -156
-134 -69
-182 -163
-132 -101
-127 -80
-202 -191
-126 -194
-161 -61
-149 -104
-142 -75
-211 -141
-137 -104
-91 -42
-114 -136
-115 -90
-69 -188
-203 -79
-86 -188
-148 -179
-43 -149
-181 -190
-83 -162
-160 -126
-86 -85
-150 -66
-168 -182
-210 -49
-49 -97
-145 -156
-117 -200
-60 -188
-80 -109
-142 -157
-92 -40
-94 -168
-95 -102
-51 -144
-189 -215
-100 -211
-211 -99
-209 -52
-106 -158
-118 -90
-47 -139
-145 -133
-77 -75
-118 -172
-185 -215
-124 -57
-137 -149
-195 -161
-50 -101
-212 -92
-178 -215
-90 -180
-177 -114
-176 -123
-95 -126
-79 -110
-120 -46
-74 -201
-171 -140
-165 -149
-162 -135
-104 -115
-64 -42
-134 -149
-76 -99
-114 -207
-176 -149
-90 -90
-141 -54
-174 -159
-44 -171
-93 -58
-64 -158
-148 -84
-75 -112
-133 -198
-100 -126
-214 -98
-203 -127
-146 -66
-89 -140
-53 -132
-213 -125
-64 -146
-69 -211
-176 -45
-177 -173
-176 -149
-182 -76
-124 -186
-78 -53
-149 -83
-41 -145
-75 -104
-197 -201
-208 -52
-42 -142
-93 -43
-192 -123
-161 -153
-119 -52
-61 -139
-180 -183
-211 -188
-95 -57
-144 -198
-76 -187
-135 -183
-174 -132
-110 -61
-92 -80
-165 -53
-159 -111
-51 -132
-72 -188
-181 -75
-92 -117
-91 -178
-63 -86
-87 -87
-77 -84
-90 -168
-175 -145
-51 -144
-64 -116
-158 -86
-181 -197
-141 -88
-193 -181
-79 -187
-184 -134
-126 -211
-157 -127
-83 -134
-182 -104
-175 -61
-91 -101
-55 -146
-163 -186
-80 -91
-129 -144
-120 -174
-88 -199
-191 -61
-47 -207
-49 -173
-131 -95
-156 -190
-42 -201
-167 -174
-108 -56
-70 -81
-181 -201
-215 -41
-133 -179
-209 -81
-102 -105
-69 -152
-98 -134
-197 -151
-200 -112
-104 -56
-164 -76
-128 -192
-107 -137
-112 -152
-175 -150
-199 -165
-102 -89
-164 -109
-149 -196
-102 -153
-193 -213
-127 -209
-77 -186
-168 -195
-73 -109
-101 -162
-85 -149
-76 -177
-201 -169
-146 -166
-63 -64
-147 -170
-114 -134
-215 -57
-77 -209
-202 -60
-87 -145
-189 -80
-70 -170
-200 -151
-147 -183
-156 -44
-121 -144
-140 -180
-106 -198
-50 -183
-135 -125
-205 -83
-155 -80
-102 -40
-130 -184
-125 -69
-109 -202
-62 -134
-201 -138
-185 -76
-64 -188
-213 -215
-95 -89
-139 -198
-183 -140
-212 -160
-75 -46
-177 -40
-187 -137
-131 -96
-98 -106
-181 -130
-190 -60
-55 -194
-166 -165
-166 -101
-125 -111
-126 -120
-121 -174
-43 -93
-111 -191
-65 -46
-200 -180
-55 -194
-213 -102
-52 -77
-179 -64
-58 -199
-127 -80
-198 -199
-188 -80
-105 -192
-170 -127
-151 -93
-107 -153
-134 -215
-61 -101
-52 -96
-88 -55
-55 -138
-53 -113
-42 -92
-65 -186
-52 -136
-101 -178
-126 -110
-95 -177
-207 -82
-139 -45
-169 -120
-137 -144
-138 -143
-131 -207
-92 -121
-53 -60
-81 -122
-84 -182
-196 -133
-212 -157
-188 -125
-128 -74
-53 -134
-195 -52
-44 -88
-170 -142
-181 -56
-183 -210
-73 -103
-95 -77
-82 -138
-194 -47
-207 -77
-104 -133
-154 -133
-86 -154
-172 -141
-86 -61
-201 -152
-180 -55
-127 -156
-55 -146
-58 -190
-97 -210
-170 -81
-63 -55
-101 -64
-59 -193
-40 -142
-168 -131
-72 -183
-164 -187
-61 -46
-186 -48
-50 -194
-97 -156
-106 -108
-179 -188
-136 -146
-120 -156
-84 -205
-185 -105
-105 -160
-54 -149
-103 -42
-131 -150
-108 -73
-179 -109
-59 -75
-174 -67
-98 -55
-135 -85
-166 -86
-201 -73
-49 -131
-192 -115
-198 -53
-46 -148
-163 -151
-44 -97
-104 -189
-68 -82
-43 -63
-51 -206
-211 -180
-60 -110
-61 -140
-184 -118
-145 -107
-161 -135
-159 -77
-95 -161
-163 -63
-175 -70
-211 -167
-55 -78
-46 -125
-165 -121
-80 -180
-165 -46
-131 -100
-56 -118
-48 -109
-163 -90
-42 -107
-97 -96
-120 -200
-84 -178
-48 -193
-86 -108
-142 -111
-65 -181
-69 -142
-180 -193
-54 -163
-178 -209
-165 -130
-148 -202
-168 -207
-73 -151
-140 -131
-153 -140
-176 -191
-98 -70
-107 -85
-199 -67
-207 -44
-107 -214
-52 -125
-171 -174
-70 -207
-57 -141
-68 -71
-163 -189
-114 -156
-41 -160
-74 -62
-195 -92
-106 -91
-120 -192
-196 -67
-157 -66
-191 -157
-73 -167
-75 -164
-209 -184
-56 -75
-126 -180
-169 -208
-154 -144
-104 -68
-75 -215
-85 -175
-126 -48
-79 -47
-87 -40
-161 -214
-116 -182
-113 -57
-41 -127
-172 -64
-178 -45
-166 -149
-94 -45
-41 -107
-157 -63
-143 -197
-81 -167
-45 -113
-174 -132
-199 -59
-112 -89
-184 -117
-147 -64
-48 -179
-126 -213
-81 -82
-178 -61
-142 -109
-178 -160
-41 -165
-122 -147
-183 -74
-206 -61
-91 -128
-69 -66
-119 -115
-175 -196
-124 -163
-140 -166
-93 -101
-182 -68
-147 -99
-110 -119
-96 -110
-62 -94
-190 -100
-161 -159
-143 -131
-110 -130
-171 -63
-45 -103
-72 -73
-150 -72
-112 -104
-131 -70
-75 -100
-157 -58
-130 -198
-189 -201
-168 -90
-193 -162
-124 -81
-77 -49
-83 -93
-98 -134
-125 -144
-71 -70
-154 -61
-92 -140
-162 -153
-125 -120
-57 -167
-125 -56
-110 -58
-106 -175
-195 -48
-202 -203
-93 -163
-152 -71
-147 -86
-94 -128
-177 -167
-99 -121
-112 -58
-199 -124
-171 -168
-58 -91
-155 -157
-202 -189
-44 -214
-185 -155
-82 -75
-83 -109
-198 -94
-65 -104
-142 -110
-150 -172
-57 -162
-160 -101
-44 -121
-159 -149
-193 -109
-202 -190
-103 -58
-142 -155
-116 -64
-201 -211
-89 -215
-102 -156
-176 -42
-82 -50
-143 -94
-101 -53
-130 -192
-184 -203
-208 -189
-119 -63
-93 -165
-135 -192
-118 -213
-164 -85
-63 -145
-85 -161
-207 -117
-47 -161
-125 -133
-40 -201
-66 -160
-90 -119
-49 -94
-113 -47
-65 -140
-83 -116
-89 -42
-157 -211
-64 -209
-100 -114
-63 -197
-193 -58
-149 -63
-59 -101
-50 -165
-83 -65
-205 -180
-77 -162
-55 -83
-171 -197
-47 -151
-154 -172
-87 -130
-91 -126
-119 -89
-171 -90
-135 -184
-90 -161
-207 -131
-154 -199
-44 -63
-64 -134
-205 -143
-144 -137
-79 -186
-121 -201
-112 -155
-151 -213
-86 -208
-173 -191
-134 -158
-215 -155
-161 -72
-209 -173
-103 -134
-136 -117
-182 -146
-182 -88
-196 -63
-111 -110
-133 -81
-144 -57
-67 -106
-197 -191
-103 -93
-85 -47
-53 -60
-50 -74
-85 -212
-117 -167
-128 -105
-140 -66
-205 -194
-173 -189
-178 -92
-169 -202
-133 -136
-123 -195
-135 -207
-175 -186
-55 -155
-61 -100
-208 -140
-132 -102
-45 -79
-215 -65
-54 -128
-187 -99
-198 -79
-100 -142
-142 -155
-164 -110
-114 -143
-185 -70
-103 -156
-150 -132
-149 -113
-184 -114
-43 -175
-180 -94
-50 -107
-126 -133
-181 -52
-120 -117
-126 -69
-182 -78
-215 -90
-184 -154
-155 -127
-156 -105
-196 -58
-100 -49
-152 -212
-156 -56
-97 -155
-58 -158
-57 -186
-196 -69
-193 -95
-183 -144
-167 -89
-177 -194
-86 -155
-170 -166
-147 -45
-105 -129
-81 -55
-41 -153
-172 -209
-151 -195
-164 -121
-70 -198
-78 -127
-64 -178
-112 -194
-147 -113
-163 -213
-168 -58
-86 -144
-77 -202
-66 -116
-48 -78
-60 -62
-186 -128
-138 -131
-45 -211
-204 -41
-207 -131
-211 -86
-88 -156
-196 -157
-128 -63
-118 -161
-123 -203
-64 -76
-149 -72
-141 -174
-95 -40
-79 -188
-164 -170
-110 -169
-215 -79
-54 -161
-57 -56
-202 -204
-139 -168
-109 -80
-198 -132
-206 -72
-165 -209
-199 -80
-52 -67
-190 -62
-47 -86
-47 -150
-189 -156
-170 -47
-91 -131
-195 -197
-118 -136
-190 -69
-57 -65
-205 -176
-109 -111
-101 -198
-146 -80
-156 -188
-127 -212
-215 -47
-114 -46
-157 -139
-95 -146
-43 -99
-150 -62
-176 -79
-133 -77
-172 -124
-205 -166
