464
452 460
457 443
448 459
460 455
466 439
444 455
471 450
457 466
455 454
442 470
438 461
442 446
445 453
441 444
439 454
439 464
471 456
450 470
470 467
451 460
471 443
438 467
463 455
454 464
449 451
459 437
437 463
461 458
471 460
438 463
468 464
446 444
447 437
445 467
462 450
434 443
454 461
444 449
442 467
443 460
462 454
441 453
456 448
452 443
447 436
465 463
438 446
448 467
459 462
447 461
457 443
454 455
441 452
445 451
459 454
463 436
445 468
467 444
450 465
449 446
464 434
435 465
452 457
453 434
451 440
457 448
469 442
463 441
450 436
443 435
465 452
452 450
448 435
442 464
450 450
466 441
459 448
458 456
467 443
459 435
437 465
434 467
437 440
445 465
441 469
450 469
448 466
463 467
461 471
466 445
467 442
450 435
452 470
466 451
434 460
451 435
435 469
467 470
443 440
440 440
445 471
463 468
437 463
446 448
450 445
452 464
460 441
438 460
447 451
440 453
441 453
466 435
441 469
467 439
434 459
441 455
444 442
446 468
446 455
443 458
469 449
466 441
451 441
453 448
443 443
454 449
464 461
436 440
454 439
468 453
462 469
434 440
457 460
464 446
451 461
468 440
440 444
444 470
437 437
453 434
458 434
462 458
458 454
444 444
451 459
453 447
439 456
453 470
456 455
458 434
448 444
447 469
458 442
448 469
466 436
453 447
449 454
442 466
455 439
458 461
468 471
468 443
458 437
435 452
442 442
456 444
435 468
463 469
439 446
450 442
436 457
469 438
458 449
449 446
435 454
458 453
453 451
450 466
469 462
448 446
462 453
453 455
463 455
453 450
471 435
462 452
461 455
444 436
440 455
467 452
441 444
445 455
447 458
461 438
459 445
447 465
442 456
445 442
470 454
444 441
452 449
437 462
445 452
471 452
453 471
465 464
451 447
440 438
453 470
440 444
468 437
444 462
471 464
456 448
454 454
449 470
438 450
458 436
468 454
471 465
440 448
453 464
442 456
458 434
442 451
455 440
468 468
435 446
464 434
468 434
461 449
434 471
448 441
450 450
435 449
466 459
454 442
443 446
443 437
471 462
434 444
458 434
442 437
443 436
454 460
449 451
459 444
468 462
457 467
439 437
451 436
452 440
440 434
460 434
450 439
456 463
437 467
461 468
462 447
461 453
438 453
435 458
455 446
466 464
456 457
467 471
465 453
439 467
464 436
442 467
463 459
456 451
470 434
461 455
454 442
440 469
463 467
451 435
468 451
442 453
455 439
457 438
456 469
449 469
441 446
458 445
436 447
448 449
468 460
465 462
452 451
457 457
454 463
455 456
458 464
449 438
439 470
434 446
445 440
442 439
455 461
471 456
442 454
454 440
455 438
441 453
447 437
464 454
471 465
470 469
453 441
443 437
448 466
467 458
434 447
444 467
462 467
435 462
456 467
471 444
444 447
457 462
467 471
434 436
468 442
439 448
435 468
457 437
453 440
439 454
449 439
452 464
443 456
459 463
470 443
441 436
451 443
445 449
468 457
468 455
435 444
450 459
463 450
454 454
466 462
469 441
444 462
434 455
449 448
469 452
436 452
461 458
440 455
469 459
460 449
468 461
437 471
454 447
461 443
450 443
462 435
447 438
462 441
447 448
465 459
468 461
453 453
469 469
445 470
456 457
467 462
438 471
452 450
451 452
465 448
455 463
462 450
452 446
456 436
470 452
468 463
453 458
452 464
456 460
456 467
453 463
467 458
457 462
446 471
453 458
434 440
466 447
461 453
435 454
452 440
471 470
442 444
441 436
452 444
444 467
437 445
461 452
449 441
452 439
455 457
457 469
437 454
454 442
441 458
448 439
452 453
456 446
464 468
434 453
462 454
451 434
437 452
460 471
444 435
460 459
456 443
435 452
441 445
449 436
435 441
453 443
464 442
466 434
471 434
461 451
468 454
467 471
438 434
455 468
442 450
438 461
471 465
460 447
454 454
452 442
447 445
452 446
441 471
452 462
449 452
443 454
438 442
471 435
439 452
465 463
443 468
450 434
466 449
438 442
462 441
436 454
448 435
449 452
445 461
453 451
459 453
450 443
470 457
455 465
