984
-438 -436
-418 -474
-428 -444
-426 -436
-440 -433
-406 -415
-449 -438
-431 -410
-410 -423
-428 -474
-387 -476
-440 -427
-408 -455
-409 -440
-449 -466
-456 -387
-399 -393
-433 -431
-437 -463
-433 -438
-405 -401
-431 -379
-435 -425
-470 -435
-435 -391
-379 -460
-443 -429
-472 -444
-434 -391
-383 -405
-429 -434
-455 -413
-406 -462
-382 -411
-431 -386
-404 -412
-417 -453
-379 -402
-413 -404
-448 -468
-412 -422
-391 -383
-476 -431
-387 -408
-447 -390
-421 -407
-463 -452
-395 -439
-388 -422
-415 -407
-466 -380
-473 -384
-453 -478
-380 -422
-456 -379
-478 -409
-391 -392
-420 -436
-392 -385
-386 -460
-457 -477
-400 -383
-474 -455
-403 -408
-389 -395
-458 -406
-413 -384
-426 -420
-446 -477
-384 -474
-381 -426
-395 -405
-406 -384
-452 -455
-426 -445
-435 -437
-412 -453
-394 -402
-471 -461
-474 -460
-381 -465
-419 -413
-386 -401
-405 -445
-474 -461
-471 -445
-389 -452
-414 -470
-418 -465
-410 -403
-398 -384
-462 -409
-477 -382
-464 -420
-450 -453
-391 -385
-445 -455
-464 -438
-434 -383
-391 -444
-457 -432
-437 -414
-467 -458
-435 -403
-386 -398
-466 -383
-467 -392
-469 -473
-442 -478
-422 -391
-460 -419
-449 -395
-421 -464
-419 -433
-459 -400
-449 -408
-443 -391
-427 -397
-471 -402
-380 -440
-384 -471
-380 -424
-429 -472
-390 -406
-389 -473
-423 -416
-394 -429
-420 -406
-465 -429
-475 -447
-434 -467
-472 -391
-418 -410
-461 -400
-472 -437
-413 -413
-456 -406
-398 -452
-397 -478
-438 -473
-452 -394
-433 -404
-385 -457
-465 -427
-405 -402
-383 -415
-444 -460
-476 -453
-471 -453
-468 -413
-402 -418
-417 -389
-389 -392
-426 -477
-394 -400
-437 -391
-450 -478
-403 -393
-424 -391
-420 -422
-402 -466
-474 -463
-439 -452
-412 -395
-388 -446
-476 -387
-460 -474
-387 -395
-436 -472
-409 -398
-444 -382
-477 -396
-426 -478
-391 -469
-448 -430
-448 -402
-436 -426
-463 -457
-399 -469
-408 -452
-411 -398
-452 -468
-418 -438
-387 -460
-433 -408
-406 -442
-388 -456
-461 -467
-384 -422
-410 -415
-443 -415
-438 -393
-426 -475
-395 -379
-449 -456
-434 -398
-410 -399
-413 -474
-444 -450
-432 -435
-434 -448
-421 -391
-463 -402
-475 -461
-443 -389
-473 -426
-397 -464
-455 -454
-467 -476
-423 -403
-460 -405
-409 -404
-476 -414
-438 -413
-402 -396
-462 -451
-469 -464
-431 -456
-393 -469
-411 -394
-428 -434
-408 -456
-458 -455
-457 -421
-418 -385
-475 -444
-460 -434
-470 -432
-468 -467
-430 -456
-452 -465
-391 -396
-441 -387
-403 -421
-452 -413
-416 -444
-478 -439
-393 -453
-460 -468
-467 -455
-439 -461
-388 -430
-430 -447
-395 -428
-418 -390
-417 -430
-447 -451
-394 -408
-436 -381
-473 -444
-419 -474
-424 -430
-453 -389
-430 -464
-477 -456
-397 -385
-427 -451
-383 -457
-386 -424
-445 -417
-382 -463
-412 -428
-379 -402
-424 -397
-431 -465
-435 -423
-417 -380
-476 -469
-461 -391
-463 -440
-474 -453
-409 -387
-415 -447
-394 -407
-466 -474
-478 -462
-401 -425
-474 -462
-393 -425
-381 -392
-399 -390
-446 -466
-460 -444
-396 -455
-397 -425
-424 -441
-477 -468
-445 -465
-439 -430
-381 -396
-387 -453
-444 -431
-392 -397
-464 -423
-400 -406
-431 -445
-456 -439
-416 -413
-447 -405
-462 -447
-426 -454
-397 -449
-472 -459
-417 -430
-419 -380
-440 -436
-462 -417
-416 -403
-423 -438
-392 -473
-456 -471
-463 -430
-426 -396
-396 -474
-440 -448
-415 -424
-417 -424
-422 -458
-445 -457
-420 -413
-394 -391
-458 -441
-380 -416
-422 -418
-411 -470
-440 -387
-386 -403
-468 -453
-476 -467
-428 -422
-418 -427
-449 -410
-409 -439
-426 -413
-387 -432
-429 -435
-453 -387
-402 -475
-467 -472
-431 -412
-433 -476
-468 -383
-455 -424
-474 -391
-413 -466
-434 -421
-399 -387
-410 -401
-431 -473
-401 -414
-449 -436
-444 -406
-398 -393
-395 -412
-435 -396
-394 -452
-460 -413
-401 -419
-414 -409
-468 -384
-419 -400
-397 -419
-403 -448
-476 -443
-450 -387
-424 -459
-419 -449
-383 -434
-473 -409
-470 -393
-388 -426
-379 -442
-398 -459
-448 -392
-432 -427
-407 -472
-393 -413
-414 -426
-435 -446
-455 -457
-381 -408
-459 -391
-390 -433
-399 -432
-403 -437
-405 -456
-435 -443
-409 -409
-391 -461
-410 -478
-456 -457
-379 -451
-415 -441
-389 -424
-393 -389
-461 -470
-468 -409
-437 -431
-461 -387
-388 -462
-406 -434
-429 -455
-429 -465
-383 -391
-385 -383
-459 -421
-478 -430
-445 -464
-381 -423
-426 -392
-422 -397
-465 -453
-413 -434
-394 -380
-398 -411
-420 -416
-427 -434
-385 -448
-437 -400
-442 -427
-387 -443
-456 -432
-393 -464
-437 -389
-474 -477
-402 -389
-424 -403
-446 -452
-435 -379
-460 -460
-388 -438
-436 -383
-397 -427
-402 -469
-463 -385
-432 -430
-473 -404
-448 -389
-393 -426
-391 -406
-448 -440
-430 -455
-396 -412
-475 -423
-466 -423
-416 -430
-401 -436
-460 -457
-439 -449
-403 -466
-440 -448
-463 -397
-382 -415
-398 -427
-380 -409
-388 -393
-467 -476
-405 -423
-379 -436
-428 -415
-408 -392
-380 -434
-478 -451
-464 -413
-415 -391
-437 -442
-471 -389
-447 -467
-433 -414
-453 -398
-471 -467
-458 -452
-469 -432
-404 -454
-438 -459
-461 -447
-437 -391
-452 -395
-387 -440
-430 -400
-416 -391
-416 -438
-385 -428
-437 -424
-472 -392
-392 -426
-449 -453
-467 -396
-440 -412
-380 -410
-443 -398
-462 -438
-392 -446
-438 -435
-430 -396
-436 -423
-417 -462
-389 -410
-442 -382
-438 -379
-432 -403
-382 -381
-400 -462
-390 -421
-390 -460
-473 -410
-427 -475
-391 -451
-458 -415
-384 -424
-472 -434
-392 -476
-406 -460
-429 -459
-448 -414
-412 -438
-385 -395
-447 -471
-437 -464
-381 -402
-462 -391
-432 -475
-408 -423
-404 -402
-406 -468
-468 -425
-425 -451
-454 -383
-463 -466
-379 -458
-384 -441
-426 -438
-391 -385
-458 -410
-411 -381
-459 -456
-450 -422
-430 -424
-434 -438
-459 -397
-388 -472
-383 -471
-458 -390
-403 -432
-457 -445
-432 -471
-409 -459
-473 -405
-414 -399
-397 -451
-408 -414
-442 -462
-454 -462
-437 -380
-383 -385
-402 -431
-421 -381
-413 -385
-398 -451
-403 -455
-393 -399
-420 -435
-437 -471
-412 -387
-391 -426
-403 -471
-475 -394
-432 -410
-441 -435
-419 -454
-395 -469
-394 -467
-386 -420
-409 -431
-475 -402
-427 -419
-447 -389
-463 -402
-463 -427
-397 -395
-457 -408
-459 -381
-407 -447
-415 -383
-477 -445
-430 -435
-421 -431
-390 -390
-385 -452
-456 -438
-382 -466
-414 -451
-438 -452
-395 -397
-433 -456
-387 -398
-421 -405
-464 -423
-406 -424
-445 -478
-447 -422
-395 -476
-392 -434
-459 -414
-462 -444
-445 -432
-458 -453
-421 -435
-392 -410
-384 -470
-461 -418
-448 -384
-434 -395
-416 -392
-429 -415
-418 -456
-446 -407
-400 -463
-461 -414
-402 -430
-433 -391
-433 -448
-392 -457
-449 -416
-423 -432
-463 -433
-441 -409
-458 -400
-397 -449
-435 -388
-405 -395
-395 -454
-383 -459
-407 -391
-459 -428
-462 -460
-424 -427
-428 -443
-424 -429
-392 -426
-445 -460
-390 -396
-380 -462
-471 -393
-405 -457
-465 -470
-405 -385
-444 -463
-469 -475
-389 -408
-420 -423
-474 -425
-381 -472
-450 -388
-393 -407
-386 -474
-386 -410
-413 -424
-437 -476
-448 -406
-454 -421
-467 -393
-441 -449
-459 -393
-384 -395
-412 -436
-406 -462
-449 -464
-456 -398
-468 -435
-459 -444
-449 -383
-390 -398
-453 -473
-392 -452
-464 -388
-414 -385
-381 -390
-390 -438
-387 -454
-414 -427
-454 -385
-461 -451
-471 -439
-462 -391
-465 -455
-471 -407
-379 -383
-405 -404
-440 -469
-438 -401
-383 -438
-451 -434
-478 -442
-446 -405
-454 -398
-423 -415
-388 -460
-446 -388
-388 -418
-385 -471
-413 -437
-443 -419
-380 -396
-387 -388
-449 -417
-436 -447
-462 -393
-423 -450
-449 -450
-417 -422
-387 -469
-470 -436
-397 -401
-471 -473
-421 -467
-407 -461
-427 -431
-390 -415
-393 -427
-395 -403
-387 -402
-382 -438
-459 -404
-403 -444
-469 -446
-470 -469
-470 -408
-421 -418
-381 -417
-472 -470
-465 -449
-408 -415
-460 -427
-474 -462
-387 -397
-396 -461
-456 -462
-435 -470
-399 -396
-446 -435
-416 -432
-385 -436
-431 -462
-403 -450
-396 -430
-405 -414
-408 -433
-410 -411
-428 -470
-399 -458
-417 -419
-454 -448
-446 -394
-413 -387
-470 -408
-449 -425
-466 -446
-476 -412
-470 -429
-467 -435
-453 -400
-384 -384
-461 -413
-392 -456
-384 -428
-437 -411
-478 -411
-455 -473
-438 -410
-463 -385
-431 -471
-469 -478
-464 -431
-392 -404
-381 -452
-406 -427
-418 -445
-478 -426
-418 -406
-386 -462
-464 -397
-468 -393
-439 -470
-398 -436
-442 -452
-464 -459
-409 -392
-399 -454
-389 -474
-427 -427
-387 -434
-477 -391
-423 -416
-403 -459
-391 -443
-405 -454
-420 -469
-435 -453
-451 -443
-418 -477
-452 -385
-459 -412
-468 -394
-403 -399
-390 -429
-383 -389
-461 -431
-423 -441
-396 -449
-472 -415
-427 -386
-393 -388
-470 -439
-396 -457
-470 -420
-383 -466
-475 -426
-465 -379
-462 -456
-445 -455
-380 -444
-464 -413
-473 -450
-462 -427
-449 -468
-457 -441
-425 -426
-414 -446
-393 -441
-455 -403
-478 -454
-418 -403
-476 -446
-424 -413
-400 -432
-381 -406
-409 -440
-399 -381
-437 -444
-453 -461
-383 -394
-434 -403
-445 -420
-421 -474
-417 -463
-471 -398
-429 -433
-434 -443
-459 -445
-409 -447
-443 -384
-379 -416
-418 -382
-423 -418
-384 -469
-477 -459
-472 -381
-462 -390
-454 -408
-455 -450
-445 -441
-409 -465
-446 -431
-425 -421
-391 -455
-422 -416
-399 -439
-448 -394
-477 -461
-427 -422
-478 -430
-435 -469
-453 -473
-386 -464
-404 -422
-420 -444
-379 -385
-404 -463
-471 -413
-438 -437
-436 -466
-467 -385
-430 -423
-455 -428
-386 -415
-440 -387
-440 -461
-466 -433
-468 -385
-448 -429
-404 -461
-384 -440
-402 -461
-437 -457
-380 -418
-426 -383
-477 -450
-450 -389
-426 -384
-463 -457
-473 -387
-411 -386
-435 -457
-454 -380
-443 -466
-422 -397
-464 -393
-430 -435
-400 -397
-464 -436
-430 -431
-404 -418
-383 -424
-389 -431
-455 -475
-448 -420
-381 -425
-409 -390
-408 -443
-390 -421
-427 -430
-403 -388
-465 -450
-384 -444
-411 -407
-417 -424
-443 -425
-477 -453
-426 -390
-472 -393
-469 -461
-394 -410
-472 -404
-379 -465
-422 -437
-388 -415
-422 -397
-465 -428
-453 -403
-416 -397
-381 -403
-443 -430
-463 -427
-450 -443
-427 -421
-440 -464
-449 -396
-400 -441
-436 -386
-429 -468
-467 -473
-430 -380
-411 -457
-420 -382
-398 -419
-414 -451
-413 -387
-419 -472
-383 -382
-435 -409
-436 -453
-414 -454
-427 -430
-388 -418
-390 -466
-471 -396
-429 -458
-421 -476
-449 -457
-408 -419
-409 -439
-405 -434
-409 -427
-452 -379
-381 -453
-438 -431
-462 -400
-422 -429
-415 -465
-379 -410
-379 -428
-390 -390
-409 -431
