159
-87 -88
-89 -83
-84 -89
-88 -85
-86 -88
-86 -85
-85 -85
-83 -87
-89 -83
-83 -86
-89 -89
-85 -87
-85 -88
-84 -86
-90 -85
-87 -85
-84 -85
-85 -88
-86 -86
-84 -86
-90 -84
-87 -83
-89 -85
-87 -89
-90 -87
-85 -84
-90 -87
-89 -85
-84 -85
-84 -89
-87 -89
-84 -85
-89 -88
-90 -83
-85 -86
-87 -85
-90 -84
-83 -84
-87 -90
-89 -86
-90 -83
-83 -87
-90 -87
-84 -89
-88 -88
-83 -85
-87 -84
-84 -89
-88 -88
-87 -89
-86 -85
-84 -84
-88 -86
-86 -85
-86 -86
-85 -90
-85 -87
-84 -83
-86 -85
-85 -85
-84 -85
-83 -89
-85 -89
-89 -89
-87 -83
-83 -87
-89 -84
-89 -88
-88 -85
-85 -83
-86 -89
-88 -89
-89 -85
-85 -85
-86 -84
-88 -84
-89 -88
-87 -86
-87 -85
-88 -90
-83 -84
-89 -84
-90 -84
-83 -87
-86 -84
-84 -85
-83 -85
-90 -90
-87 -83
-90 -86
-88 -87
-84 -87
-84 -83
-90 -86
-85 -87
-90 -85
-85 -90
-86 -89
-88 -86
-89 -87
-90 -88
-84 -87
-88 -86
-85 -88
-85 -83
-86 -88
-86 -85
-84 -85
-88 -88
-90 -86
-89 -84
-85 -85
-89 -86
-85 -87
-89 -90
-86 -88
-86 -86
-85 -90
-90 -88
-84 -85
-84 -83
-87 -85
-86 -83
-85 -89
-88 -86
-88 -88
-86 -83
-86 -85
-89 -89
-89 -87
-87 -85
-89 -83
-88 -84
-88 -83
-85 -86
-86 -89
-88 -83
-86 -87
-85 -89
-90 -88
-88 -89
-84 -84
-89 -89
-84 -84
-84 -87
-87 -90
-87 -85
-86 -87
-89 -88
-90 -90
-87 -85
-88 -83
-89 -83
-86 -85
-83 -90
-83 -89
-87 -83
-90 -89
-88 -85
