527
370 426
384 460
451 389
398 378
422 363
472 385
439 380
418 476
398 452
373 404
388 467
454 409
385 405
367 429
445 406
453 456
372 470
470 365
441 424
364 384
400 437
403 387
385 402
469 382
476 476
457 367
417 416
461 460
451 471
393 475
387 428
360 424
443 479
364 447
402 380
480 414
425 437
393 471
472 376
387 450
413 401
475 443
426 436
381 473
437 412
393 375
445 433
434 462
407 388
472 389
405 394
364 466
382 369
418 366
429 466
370 450
399 366
376 460
402 476
365 434
468 422
425 433
474 468
383 433
473 370
431 383
451 482
479 370
477 476
374 460
414 406
422 419
404 461
482 437
397 482
404 427
376 369
381 454
451 420
391 403
415 389
472 384
478 430
377 396
462 372
423 434
378 423
452 425
407 465
387 393
460 383
405 448
372 475
456 366
383 364
381 377
458 418
441 434
409 477
444 462
394 437
465 432
438 448
460 474
446 403
417 425
378 431
469 464
372 420
365 479
407 455
467 377
405 412
467 364
376 452
473 399
385 456
409 465
413 475
479 418
457 433
477 444
476 445
422 420
385 394
411 455
456 421
386 415
371 462
373 423
429 444
412 397
365 432
444 449
461 404
469 453
469 366
410 462
367 445
421 479
393 360
413 431
450 399
449 432
475 415
429 421
375 478
437 388
375 447
450 416
448 469
413 461
403 479
366 390
383 410
473 417
366 442
415 457
425 419
423 477
449 395
441 447
440 404
438 365
402 426
409 381
390 379
400 409
462 448
468 444
482 482
420 389
416 431
403 394
383 361
420 395
373 401
422 397
395 361
363 391
374 398
434 373
398 395
433 436
398 401
478 462
414 450
426 472
444 413
450 443
390 473
475 434
394 431
408 367
429 393
417 381
414 480
391 421
377 365
426 418
441 403
446 465
407 367
425 390
383 405
379 457
478 448
392 420
367 378
433 377
435 440
473 413
431 364
462 394
426 428
406 478
456 409
405 471
462 460
450 389
477 475
454 428
427 361
366 469
386 464
366 431
471 474
470 390
360 455
466 367
421 400
366 428
380 441
366 373
360 439
414 436
464 430
463 456
403 401
414 407
390 453
439 398
460 441
365 407
449 399
430 439
421 461
430 387
421 398
453 438
393 366
373 476
424 395
381 446
438 423
379 408
446 369
386 379
377 414
386 384
408 407
367 457
446 370
475 427
466 383
442 390
473 442
405 464
395 418
423 440
374 454
478 383
390 456
374 465
422 394
465 437
397 411
372 408
474 397
477 422
368 424
414 391
446 425
364 405
361 449
438 418
367 384
387 438
422 398
450 362
395 394
376 396
385 479
409 400
394 383
423 437
399 380
365 442
394 477
461 444
397 419
451 374
410 398
439 417
419 387
479 372
375 429
457 390
409 457
430 433
372 462
396 454
381 478
421 478
400 463
439 426
378 414
478 440
442 379
435 409
404 428
411 378
420 427
371 395
398 362
387 477
452 367
452 387
366 444
371 383
458 360
480 382
417 468
436 375
362 472
393 472
390 375
457 362
429 461
469 395
395 403
463 414
388 364
396 375
367 421
481 374
446 423
465 426
422 448
470 389
401 426
467 455
375 470
467 465
415 360
381 379
398 361
419 448
398 482
422 415
450 422
384 475
397 465
435 378
441 431
459 367
430 381
407 372
458 394
433 372
481 367
440 430
365 442
451 481
364 449
373 434
363 397
420 454
405 436
440 462
362 430
411 447
420 476
393 402
438 411
422 424
413 444
427 460
476 370
447 468
371 365
364 465
472 422
477 432
387 362
473 415
431 420
439 481
447 377
468 432
414 365
393 390
396 460
423 438
452 368
424 438
468 387
475 374
389 412
461 360
360 438
380 422
390 371
390 385
466 360
446 472
459 471
363 402
447 395
374 403
399 403
410 402
439 380
389 469
471 373
398 385
383 385
407 406
415 403
438 393
458 436
448 466
382 369
454 425
422 360
453 427
448 392
426 377
397 369
463 468
407 396
436 426
410 383
480 415
380 465
451 470
366 423
415 448
476 427
373 441
445 455
422 473
438 464
461 475
465 464
362 411
465 392
380 432
396 403
421 453
449 376
437 362
411 390
463 414
442 462
401 398
444 413
439 431
432 381
450 379
465 457
481 443
474 364
475 364
425 389
478 381
401 421
443 458
447 474
376 384
386 468
408 431
428 442
418 363
433 420
407 376
393 433
445 400
384 386
409 362
466 438
435 458
434 398
440 383
401 422
369 436
438 420
460 400
440 461
432 371
410 449
404 370
388 476
372 417
452 398
392 477
374 390
423 470
389 479
458 457
404 443
371 421
360 468
367 381
401 374
439 437
435 373
361 393
395 376
480 410
387 361
482 397
361 461
422 431
481 418
433 480
374 459
