240
195 203
201 180
178 187
206 189
190 196
186 177
188 188
191 192
206 195
189 202
186 177
194 187
202 187
208 181
180 194
205 208
194 199
203 177
180 180
196 207
193 183
197 178
187 186
189 206
199 187
198 191
201 201
193 189
201 208
200 183
209 178
209 207
203 205
180 190
196 190
177 197
181 201
191 187
187 184
193 207
205 206
188 180
204 194
200 205
197 193
187 197
189 185
198 209
187 198
182 195
180 206
202 195
199 191
185 188
193 178
203 199
188 187
206 196
202 181
183 206
182 186
197 205
186 199
206 190
180 189
178 194
184 198
181 205
182 185
178 194
187 184
181 181
207 201
202 178
195 180
208 196
178 177
207 202
202 202
199 194
202 180
183 196
189 200
187 186
188 198
192 196
193 193
182 178
204 207
193 187
202 178
203 180
198 181
207 196
184 180
199 187
194 188
198 208
177 206
203 181
187 208
189 182
203 182
193 190
188 188
204 203
204 197
185 195
195 201
186 183
184 183
202 205
191 183
193 188
196 195
185 187
209 192
177 182
178 177
191 189
185 202
177 198
177 182
186 182
180 178
177 186
178 207
191 179
197 192
187 198
189 201
206 208
181 204
202 177
196 179
177 207
180 206
205 198
205 209
184 186
187 194
205 206
186 203
181 186
205 181
194 187
196 209
208 202
204 209
204 195
203 195
203 200
207 201
194 191
180 201
193 187
207 178
196 185
203 177
189 207
189 195
203 185
201 184
193 187
187 208
199 209
208 200
183 190
182 190
198 206
188 193
190 187
198 183
191 177
206 202
177 190
208 181
186 186
198 205
186 177
188 197
208 204
194 202
189 182
208 196
190 209
189 183
196 180
182 187
181 177
197 201
193 198
187 194
184 182
181 185
187 177
190 198
201 205
191 205
194 195
209 196
182 206
177 177
199 197
192 185
179 208
194 204
179 191
193 188
207 193
209 197
177 177
188 185
192 187
177 189
205 202
188 192
189 205
200 194
208 178
208 200
182 196
197 181
185 202
192 180
187 191
209 187
180 203
201 204
207 180
195 205
183 186
187 197
182 177
197 198
194 187
206 205
189 198
189 187
206 183
