869
28 22
21 15
22 14
27 11
15 23
21 24
18 23
28 26
11 6
15 15
28 24
13 9
24 23
14 6
13 8
20 12
6 21
4 6
17 7
21 8
31 5
14 17
29 11
7 26
25 6
27 29
7 17
23 31
15 17
21 8
12 12
31 11
10 9
29 16
25 9
12 25
26 25
10 22
22 17
15 17
16 26
22 16
15 9
22 5
4 24
17 16
6 30
10 22
30 8
24 25
8 4
8 10
24 17
18 21
22 26
16 19
12 4
31 6
20 28
21 16
23 29
13 17
24 22
27 18
30 6
13 20
23 26
12 27
21 5
15 20
27 17
21 22
27 26
10 19
20 7
15 23
10 21
12 5
4 26
5 28
24 18
8 25
21 7
18 14
4 7
8 17
8 19
16 26
5 4
6 7
24 22
19 16
6 18
15 25
31 11
25 28
29 15
25 25
17 17
31 19
26 15
8 10
20 6
9 29
15 9
23 22
19 13
19 6
6 16
26 17
4 7
28 18
29 16
20 25
30 25
19 29
5 24
23 28
9 15
19 16
31 23
23 30
26 17
9 9
13 27
4 23
26 8
29 8
4 22
15 19
16 19
25 19
21 13
24 26
31 14
8 13
19 12
11 10
12 27
27 23
22 20
24 30
7 8
4 26
22 14
19 8
17 6
5 16
26 13
13 4
31 29
6 13
17 16
10 22
16 7
10 22
22 19
7 5
7 17
6 24
29 15
15 22
29 25
11 8
7 7
6 13
29 31
16 5
25 19
18 15
24 4
11 27
8 30
14 31
29 7
7 10
25 11
12 17
25 5
27 17
7 21
31 7
17 31
19 25
31 30
25 11
16 4
27 17
17 8
14 30
8 12
21 20
12 13
8 31
31 7
14 5
23 19
14 22
20 12
17 24
25 26
17 13
20 17
6 26
18 13
31 24
13 13
26 5
8 12
27 28
20 28
14 25
6 10
12 22
4 20
14 14
8 28
21 27
30 8
4 20
28 7
14 29
26 13
6 8
16 24
5 22
12 25
12 27
8 24
25 24
12 4
10 13
17 8
10 27
29 16
29 8
30 7
31 29
4 30
30 4
24 14
10 10
8 17
25 7
22 23
6 27
28 28
6 30
10 24
26 28
25 20
28 18
18 11
8 5
22 27
29 12
5 4
7 10
13 16
20 10
22 4
13 24
8 11
26 27
22 28
24 31
4 18
17 4
26 22
13 8
17 15
9 29
13 6
14 17
7 27
14 19
9 22
10 31
17 7
27 30
23 24
8 11
23 31
30 17
27 16
9 18
24 15
15 8
12 8
17 10
30 6
25 11
17 29
26 8
29 6
30 23
29 13
22 14
8 12
30 26
30 18
28 30
31 13
30 31
25 19
27 27
10 5
9 19
21 20
19 20
25 18
7 12
5 10
13 28
26 26
19 5
19 14
23 27
25 17
23 18
5 20
12 16
4 13
12 30
7 29
25 10
11 20
17 27
31 24
28 27
13 16
29 20
14 19
17 23
26 29
9 22
18 14
7 31
31 23
19 9
6 30
19 6
24 7
23 31
29 17
27 30
24 17
6 17
8 6
29 27
28 10
21 23
14 14
17 21
22 26
31 27
8 29
8 20
6 29
18 28
6 26
7 16
26 11
31 26
28 20
16 31
12 29
26 28
13 6
22 5
22 17
17 22
12 20
8 29
21 15
20 30
15 9
27 28
7 28
11 28
4 17
10 31
17 31
6 20
21 31
13 30
14 26
26 5
12 5
31 24
17 19
4 4
10 9
12 29
10 9
10 29
11 24
10 30
21 5
31 4
9 24
27 4
4 13
24 26
27 18
29 6
8 28
18 17
9 15
15 5
8 29
25 22
18 9
11 12
25 24
24 12
6 27
14 23
15 15
14 19
23 11
31 18
31 7
4 27
10 4
28 11
12 9
6 14
27 7
25 13
10 6
27 19
27 19
13 24
16 15
7 15
20 18
21 4
31 29
13 18
15 30
4 15
17 17
24 28
12 14
25 23
15 10
17 27
17 28
25 25
28 6
28 27
12 16
20 13
23 24
13 31
13 16
22 30
27 19
25 7
22 10
23 27
18 19
9 13
16 19
15 22
28 23
31 4
7 21
21 17
7 28
7 20
16 17
31 27
27 17
11 13
25 23
7 18
4 19
11 7
13 22
20 16
31 11
8 27
10 5
19 11
15 15
12 25
29 14
16 6
5 9
4 23
17 6
17 16
18 15
13 9
20 18
17 8
26 4
12 19
26 29
15 31
28 7
17 25
20 16
12 10
10 20
29 21
30 22
16 26
10 22
19 21
19 28
14 10
13 8
22 29
12 28
29 26
24 9
24 5
24 17
15 5
29 23
8 18
7 25
17 15
10 13
10 8
7 4
21 9
27 17
11 8
31 12
4 31
29 29
31 31
17 20
17 28
11 9
9 28
10 12
7 17
5 20
21 6
23 12
4 14
10 9
9 27
26 20
22 23
26 11
22 14
27 13
31 8
9 26
24 27
28 21
22 5
22 10
25 9
27 9
17 30
27 9
12 10
7 9
8 21
12 18
18 19
31 24
23 27
22 24
6 8
23 17
24 4
17 29
30 29
9 25
12 28
16 14
4 19
11 11
30 12
16 13
25 13
27 31
31 7
25 25
28 6
19 26
13 19
29 4
26 7
25 31
5 21
17 17
19 16
29 5
7 14
18 10
10 21
6 24
22 26
22 31
30 21
21 24
27 9
29 16
22 7
17 19
6 12
22 22
18 6
9 31
27 8
17 6
17 7
26 16
24 21
21 30
21 31
16 29
26 20
19 7
31 5
29 20
16 12
7 8
8 19
11 21
15 28
10 18
15 14
5 21
11 18
29 14
14 20
13 30
17 16
8 4
11 29
20 11
8 28
17 28
13 21
12 21
4 25
15 29
22 26
9 7
26 9
26 24
26 5
23 20
24 14
20 29
24 10
23 4
26 7
30 10
7 23
30 27
30 30
24 5
8 14
9 19
18 7
10 13
23 25
20 7
8 31
31 26
22 17
24 4
4 28
8 16
8 6
25 8
30 31
17 5
30 14
13 20
5 7
20 12
18 6
27 31
18 22
18 31
20 8
26 10
9 11
20 5
29 13
20 22
28 23
27 7
29 18
21 27
30 18
23 7
15 8
17 25
24 15
23 22
9 30
26 8
9 9
9 11
28 8
13 27
17 12
6 16
11 26
27 5
20 25
15 15
9 4
24 11
8 17
8 4
12 18
8 16
11 17
8 6
25 17
28 22
17 27
24 15
18 11
13 8
13 4
27 11
24 31
9 27
26 7
12 14
18 5
7 18
20 29
11 6
30 22
29 17
4 16
24 29
23 18
10 22
25 15
31 16
12 27
19 7
4 25
13 29
23 6
15 29
17 13
25 20
8 22
13 17
11 20
16 17
16 16
8 5
29 20
23 6
26 7
11 12
26 7
7 20
16 11
15 10
11 13
27 6
7 9
31 7
13 28
5 15
8 22
21 6
25 15
20 25
28 4
27 27
8 11
14 17
16 12
9 19
9 8
5 21
26 13
11 22
23 6
29 10
18 23
31 31
24 20
17 17
17 4
30 24
15 13
20 12
13 11
25 12
21 22
11 9
9 15
4 13
12 29
19 29
14 21
28 27
24 31
26 10
11 21
14 11
13 24
8 13
13 22
4 20
10 15
11 6
8 9
5 6
14 12
7 10
5 30
29 18
20 4
27 5
24 25
5 18
19 7
7 18
11 24
13 15
25 28
29 20
28 29
19 14
17 11
31 29
30 19
24 30
8 16
12 19
8 11
18 18
26 8
7 5
6 10
21 19
4 16
31 26
8 15
21 29
13 28
27 26
7 25
8 25
12 31
24 8
22 5
22 7
5 14
4 11
28 29
26 21
12 18
5 5
14 14
6 20
