588
7 4
25 35
28 1
18 26
20 4
25 7
-1 4
10 13
-1 19
34 11
16 32
0 21
21 32
34 15
37 0
11 9
31 36
35 34
34 2
13 30
8 24
19 10
36 26
6 16
14 31
39 12
17 28
21 21
10 3
14 8
36 29
25 18
16 20
34 2
6 22
34 29
18 12
27 8
19 1
34 20
15 39
24 10
20 20
1 29
19 10
11 33
36 6
39 37
3 13
11 29
33 25
35 16
27 31
15 1
25 39
8 14
30 11
31 26
34 36
6 8
12 27
30 20
13 11
37 2
38 16
18 37
11 5
12 35
20 33
23 32
15 12
20 16
19 6
33 25
20 5
9 10
24 24
24 38
26 0
12 33
32 24
21 32
3 26
17 4
37 30
11 21
34 17
6 8
1 30
17 4
37 21
36 1
13 17
5 22
4 6
12 23
12 36
23 18
2 13
7 30
15 39
8 -1
10 38
-1 13
26 -1
3 19
18 1
38 6
36 13
-1 6
10 6
23 4
17 39
10 15
30 0
28 37
0 34
15 31
2 2
38 19
7 25
23 29
30 0
33 11
19 35
36 16
9 34
11 3
3 36
32 24
30 1
4 31
19 23
15 28
23 13
28 37
16 35
13 21
30 34
38 27
30 24
31 31
24 9
34 3
14 36
4 29
6 8
27 28
26 37
33 4
13 8
27 32
10 2
29 29
27 18
33 39
18 38
26 -1
28 15
15 11
13 35
5 8
33 36
20 9
17 13
22 2
5 21
29 5
18 26
13 23
15 21
37 21
14 31
23 28
29 10
23 5
32 32
33 31
32 34
15 18
1 14
1 32
35 7
19 23
2 0
3 18
24 -1
35 3
15 13
30 26
2 36
2 38
25 35
4 10
36 31
36 16
3 19
29 25
27 35
1 18
37 22
29 7
36 37
36 22
7 31
1 36
13 3
28 1
24 38
21 0
8 27
13 35
12 32
5 6
10 15
31 0
39 1
27 32
14 28
17 19
14 27
36 12
15 38
23 1
37 36
37 4
6 32
11 28
3 38
12 25
1 6
8 30
14 3
27 -1
32 5
1 3
25 39
23 35
5 1
7 11
6 20
28 14
38 5
18 19
2 27
-1 11
24 30
36 30
26 20
23 3
27 7
39 39
32 32
11 29
-1 26
8 31
22 33
10 24
35 6
26 39
33 17
0 37
6 27
28 34
10 -1
31 20
23 11
36 0
1 7
4 32
24 5
31 -1
25 18
25 34
38 32
8 27
23 29
6 8
12 15
22 27
30 6
22 3
0 3
39 36
8 15
7 0
11 33
26 34
12 35
14 33
13 21
9 18
19 25
38 17
39 33
24 2
13 1
31 34
25 7
36 11
15 5
33 7
20 34
36 28
-1 1
10 1
25 12
4 34
16 23
18 16
4 33
39 5
33 4
17 7
10 22
2 -1
22 20
3 30
34 21
5 38
12 19
4 37
37 3
12 20
3 39
19 3
30 1
0 6
26 30
19 31
13 3
31 38
39 27
13 10
16 1
34 10
16 10
24 6
39 35
8 24
22 5
16 1
12 18
21 20
2 26
18 8
13 10
18 14
20 5
7 39
31 30
34 37
34 24
28 17
39 22
21 36
9 18
11 35
0 1
16 13
38 6
5 25
26 29
35 1
13 21
30 16
16 30
19 0
10 20
4 25
15 10
12 25
32 23
23 29
33 5
33 19
36 10
30 3
28 24
3 30
18 24
30 14
37 29
26 26
5 10
8 10
35 7
19 22
35 16
0 39
34 2
1 35
29 21
8 37
14 23
26 15
35 29
32 0
27 2
1 14
38 17
5 31
31 16
16 26
7 13
22 33
38 11
3 22
9 38
30 23
28 1
15 20
2 25
27 37
10 11
33 8
10 19
6 2
-1 18
36 18
35 0
23 38
22 2
22 24
9 7
33 33
20 21
20 27
5 26
23 -1
33 28
35 16
32 37
36 25
37 27
39 32
39 4
23 35
27 14
37 33
13 8
33 4
16 34
28 15
9 36
7 4
28 33
11 18
25 13
36 19
28 11
33 37
39 4
16 29
38 36
18 9
30 1
10 -1
26 5
20 31
35 16
24 8
39 39
29 11
12 1
3 28
34 11
14 27
29 15
6 18
22 32
24 15
31 2
19 3
21 5
10 4
22 23
33 5
30 31
9 -1
35 6
39 29
33 7
8 20
33 24
26 38
10 17
3 32
23 18
22 4
38 2
11 0
16 13
13 24
14 37
11 1
29 31
6 21
31 9
12 23
2 32
0 17
1 3
14 11
27 17
-1 32
26 32
0 22
6 32
23 19
3 16
-1 23
18 20
13 10
25 37
10 -1
24 29
9 30
31 5
1 4
13 37
18 38
31 36
30 8
36 15
29 37
26 16
33 32
38 31
19 25
14 20
19 -1
12 12
12 33
16 5
37 18
-1 7
30 20
32 8
5 26
39 38
16 -1
16 21
24 31
13 17
38 28
24 17
34 21
33 5
36 2
5 19
39 2
5 15
24 12
15 26
-1 20
24 0
30 19
15 23
8 5
0 34
19 33
32 10
26 8
13 33
35 28
14 37
18 3
31 3
27 32
33 7
0 20
33 9
39 11
33 33
33 28
18 33
36 26
19 4
10 25
2 22
12 23
12 12
5 10
14 7
24 37
32 31
35 21
