540
22 8
12 11
47 40
28 34
36 28
43 28
27 15
9 13
40 7
7 28
36 15
2 9
7 28
41 30
39 32
37 4
43 33
22 23
29 22
42 26
12 47
19 18
41 26
18 24
22 45
22 41
43 5
18 31
34 18
39 16
32 37
18 29
10 31
39 11
21 42
43 13
34 37
6 11
20 37
31 33
41 16
24 3
11 12
27 7
41 2
4 23
23 31
33 19
47 3
12 12
23 41
13 8
36 27
26 23
11 6
29 36
20 25
31 48
16 7
43 47
12 47
32 22
10 12
36 31
32 40
6 38
5 18
43 16
22 10
26 41
14 24
43 46
25 9
12 47
18 13
19 40
15 42
41 47
17 30
35 31
11 41
30 28
3 40
23 46
41 16
46 42
4 47
13 6
31 15
9 40
16 30
30 2
19 13
8 11
35 21
45 41
8 16
3 35
26 24
9 2
48 41
40 47
21 30
34 36
35 9
34 42
24 44
15 32
40 35
10 2
15 9
5 45
12 44
11 16
21 12
15 26
30 41
10 9
16 3
43 6
23 40
9 47
41 2
30 28
12 39
42 17
42 13
21 32
5 23
39 21
18 16
46 46
44 27
25 18
4 18
34 25
4 13
40 17
22 8
37 20
14 38
40 44
18 42
48 10
41 47
5 21
11 6
45 42
48 43
46 36
8 23
29 17
38 18
47 25
2 16
17 4
32 10
41 10
36 41
46 14
28 45
19 12
16 5
11 2
40 20
44 21
15 26
22 31
48 27
9 31
28 7
18 40
24 20
11 31
5 3
37 15
13 30
22 29
14 37
6 17
44 26
2 10
10 7
37 25
23 36
8 6
46 19
26 6
22 37
34 37
43 7
35 12
13 20
14 34
5 33
14 14
10 35
45 28
30 30
40 15
30 23
18 37
21 30
26 18
37 24
2 42
32 2
34 13
23 43
20 34
4 19
48 37
47 4
28 37
10 29
2 6
19 25
44 41
29 23
19 48
10 2
11 34
2 41
14 32
6 44
44 33
40 14
23 21
32 27
16 33
41 42
23 25
5 46
39 11
40 25
38 47
14 29
25 33
41 25
23 3
5 20
6 5
22 38
47 31
13 33
23 9
37 28
5 35
7 47
5 2
18 48
18 43
19 42
33 31
28 37
11 44
19 2
11 6
4 17
16 16
44 43
14 46
32 37
10 4
21 37
47 48
46 22
18 46
47 16
29 7
48 7
15 4
39 33
19 15
22 38
22 47
17 3
29 10
34 11
38 7
15 31
25 27
36 16
25 36
13 14
24 29
36 34
17 10
39 27
4 12
36 30
12 44
40 20
32 28
21 16
48 30
27 18
11 23
23 35
28 38
19 5
32 13
36 29
44 22
17 33
24 40
45 6
44 45
18 41
3 24
38 18
9 37
40 46
7 31
48 19
15 41
44 8
23 20
31 21
3 26
32 15
2 36
39 5
22 26
24 33
9 20
25 3
7 37
10 13
45 15
39 35
17 11
26 22
17 10
16 18
38 32
3 41
45 7
43 8
22 16
24 28
14 25
21 12
44 34
42 38
36 8
29 23
17 13
37 17
19 29
24 12
33 36
37 4
30 32
14 20
31 6
6 17
11 40
37 36
8 13
9 34
11 41
3 30
42 22
11 45
30 24
22 9
9 11
26 41
7 36
44 23
47 27
46 33
29 39
31 14
12 25
32 15
44 12
21 3
35 7
4 29
44 13
21 9
33 26
15 33
48 41
42 46
40 9
17 23
48 7
30 18
18 39
22 13
31 47
26 14
2 35
33 13
35 25
38 22
46 11
28 34
44 26
37 43
26 29
34 6
15 42
22 20
23 24
29 26
9 48
12 39
17 14
39 43
34 28
6 43
12 19
20 38
25 43
2 30
6 42
29 37
14 31
44 30
33 47
10 9
6 28
27 21
25 48
9 9
9 8
43 28
31 16
19 23
20 41
45 21
15 38
43 47
35 9
10 28
23 22
38 39
47 25
31 45
46 37
42 4
19 39
45 22
48 4
10 23
38 22
14 38
48 4
11 26
27 5
15 18
19 46
28 15
5 3
33 45
16 29
7 30
45 41
9 12
48 4
8 17
6 30
9 37
46 9
21 23
26 14
35 35
28 28
42 21
4 38
46 8
29 24
6 43
36 32
18 43
31 26
42 19
8 14
30 22
39 41
27 16
5 24
5 36
23 46
35 46
26 42
34 39
22 22
43 33
14 8
31 3
19 10
7 32
37 5
12 14
4 29
2 43
13 18
41 10
42 37
44 41
33 6
34 43
46 43
41 7
8 46
17 3
13 23
16 14
42 4
39 34
34 21
25 3
45 5
38 13
27 47
39 23
34 3
21 33
43 40
5 44
16 28
2 35
16 36
17 3
9 20
45 33
47 8
42 24
27 6
9 41
30 23
36 41
39 28
17 46
35 38
