988
11 10
11 9
15 29
30 20
18 25
30 28
17 23
23 28
13 30
16 31
14 21
11 11
25 15
27 9
16 16
29 30
9 14
29 9
27 8
18 30
21 17
16 24
26 15
17 16
28 26
11 10
20 14
10 12
30 9
8 14
15 12
30 27
27 31
13 22
10 27
20 30
25 17
29 23
13 17
29 13
23 11
31 7
25 15
23 10
22 24
20 21
27 26
13 11
28 31
9 13
14 21
8 30
20 25
30 26
23 31
8 30
21 30
21 30
29 13
16 14
23 9
26 10
11 8
15 31
27 7
21 17
21 18
27 11
15 28
17 14
10 22
25 15
28 24
11 26
12 21
16 10
14 20
22 28
20 24
20 12
16 30
7 8
14 9
11 10
19 13
31 18
13 27
12 26
16 22
11 10
30 21
12 9
24 11
26 27
19 14
9 28
7 11
9 21
31 30
8 13
13 25
17 16
23 29
17 10
23 13
9 26
12 24
9 12
14 29
8 28
8 10
8 22
7 13
10 15
30 16
25 30
31 27
14 7
9 7
19 12
18 12
19 12
27 26
26 27
31 14
22 16
13 8
10 27
25 23
20 14
25 24
8 18
8 25
27 13
29 11
11 13
22 25
12 28
14 18
29 13
30 8
22 15
22 29
14 17
29 29
12 15
29 22
15 15
27 21
29 31
31 30
19 9
25 7
9 13
13 14
31 19
12 16
13 23
14 26
17 7
15 23
13 20
17 9
9 8
14 26
12 17
16 23
23 15
7 12
20 19
19 16
19 29
19 7
29 13
24 8
18 12
7 12
29 11
24 31
29 31
8 7
29 9
8 20
28 25
13 24
29 18
23 21
23 24
15 23
24 29
31 24
15 7
22 21
18 27
19 27
13 23
18 10
29 18
17 25
8 11
15 9
31 30
23 18
19 13
12 28
24 15
18 23
13 16
13 24
12 11
24 21
30 9
8 16
28 16
12 26
10 31
24 18
21 12
11 17
9 19
13 12
31 27
8 15
17 13
24 22
18 27
18 18
11 21
15 8
18 15
19 29
19 22
27 30
28 24
29 30
22 19
16 19
19 11
27 17
12 13
22 31
10 22
9 25
26 7
16 13
14 13
7 18
10 30
15 23
20 25
19 22
16 10
25 30
25 25
8 25
23 26
15 17
14 9
25 18
17 21
28 20
16 17
9 21
24 28
23 16
16 7
12 8
22 25
9 24
9 10
8 18
15 21
13 9
10 27
15 27
15 25
22 31
30 28
17 29
9 30
22 7
16 20
25 18
11 25
25 21
13 9
31 22
22 12
7 8
31 19
13 9
23 22
26 12
31 9
19 29
10 28
21 12
10 19
21 14
27 8
9 26
23 17
17 20
27 17
30 16
10 8
25 27
15 26
15 19
19 20
27 20
16 30
30 12
15 17
24 28
24 19
23 17
8 24
11 27
31 27
21 30
16 25
15 10
12 31
10 17
28 31
11 24
26 22
26 20
31 10
26 31
9 27
11 10
11 8
22 29
14 16
25 9
9 14
7 26
15 14
15 29
28 10
30 25
28 12
21 26
20 31
17 28
7 20
24 30
27 14
25 14
15 24
11 30
24 17
24 8
8 14
31 18
23 14
28 23
26 26
20 15
24 24
22 29
15 9
9 8
21 19
22 19
17 8
26 23
10 18
9 28
13 31
30 17
15 28
29 18
29 12
8 7
26 31
7 14
7 7
23 17
26 31
26 19
17 27
12 7
24 17
8 28
25 21
28 16
25 19
28 17
10 31
11 25
17 21
26 14
12 8
23 7
27 23
22 12
8 28
29 7
18 19
25 29
9 23
9 8
27 22
20 22
17 9
31 14
21 25
13 13
19 11
22 17
21 21
27 11
31 18
25 23
15 21
28 12
24 12
23 19
28 22
20 8
16 13
27 12
17 20
10 17
30 19
26 26
17 18
15 8
17 7
13 8
12 14
27 11
9 22
20 24
27 14
19 14
19 26
11 8
20 16
19 18
14 12
27 15
12 15
8 23
29 7
8 13
23 25
22 28
12 16
21 28
26 20
12 7
22 10
13 10
17 15
16 24
21 22
14 7
15 23
19 20
22 25
22 11
26 24
8 19
21 24
28 12
30 25
27 22
27 29
8 23
25 16
20 7
19 20
19 11
31 8
10 30
30 16
23 18
11 18
20 10
26 8
8 18
12 13
18 18
31 11
11 10
23 17
18 24
8 16
10 10
18 28
26 16
9 24
23 8
21 29
24 24
28 10
26 31
18 29
31 9
16 12
7 19
15 30
16 30
20 27
25 23
22 16
12 12
23 15
21 27
29 9
14 7
17 31
25 11
29 11
18 27
27 22
27 23
15 30
27 22
24 21
17 25
28 24
24 12
9 26
28 30
15 17
28 12
26 31
24 14
17 19
15 31
26 11
29 30
7 22
11 26
29 28
25 31
14 19
12 11
30 17
25 17
19 27
18 26
14 14
21 19
19 15
8 29
15 11
25 20
18 15
13 28
14 23
8 17
17 24
27 10
28 11
11 13
14 30
10 16
13 20
21 14
22 29
9 25
29 13
17 17
23 22
23 28
14 26
16 31
24 15
22 24
28 21
21 11
11 8
18 15
10 7
8 12
19 9
21 12
23 20
29 15
28 22
10 28
30 8
9 24
25 10
17 23
16 27
31 12
13 26
29 26
28 9
15 22
16 9
19 15
27 12
12 20
11 8
31 28
26 22
17 22
20 22
9 20
19 17
31 15
19 22
20 18
12 13
25 21
8 31
10 23
9 13
27 19
23 30
11 21
28 21
19 21
26 14
25 8
29 21
30 14
23 7
11 18
26 12
22 26
27 19
22 9
20 16
9 15
28 18
30 29
20 17
27 28
22 22
20 21
23 11
11 29
12 20
9 26
23 17
26 20
8 17
31 22
22 9
9 12
13 11
30 20
15 12
29 27
21 11
9 30
27 26
29 20
27 24
19 16
12 22
22 17
28 29
26 7
30 27
12 7
7 8
21 21
19 28
25 23
25 13
8 7
14 19
28 13
22 22
30 16
30 31
25 13
29 27
10 30
29 9
29 10
31 16
9 12
7 16
13 9
10 18
22 31
15 18
14 18
10 13
26 30
7 26
31 10
18 27
11 10
10 14
11 9
10 11
26 8
10 12
16 25
11 13
14 26
11 31
7 25
28 15
8 27
15 17
30 10
28 25
26 22
23 30
19 25
23 20
24 22
23 27
10 22
27 24
11 28
30 7
15 16
29 9
22 26
12 30
31 15
7 25
14 18
20 8
16 30
21 17
31 24
23 22
12 29
29 21
7 10
20 22
13 19
30 20
15 13
25 7
7 29
9 19
14 9
8 20
7 13
23 21
21 23
12 10
23 8
10 10
9 21
18 16
20 24
14 15
30 15
13 7
15 27
25 14
13 12
18 13
8 29
28 14
9 28
27 7
31 21
11 10
24 11
20 9
21 26
16 16
24 18
18 27
25 21
9 17
14 15
31 27
19 30
29 22
7 14
27 8
12 19
31 21
16 26
20 8
16 11
31 18
20 18
8 23
10 11
16 28
16 23
8 25
21 10
10 29
18 10
23 31
30 9
28 11
12 10
30 19
20 12
27 19
31 15
8 8
14 15
29 15
15 28
29 9
17 7
8 11
27 26
26 23
7 15
11 10
19 30
11 13
23 30
14 11
9 30
22 31
26 20
24 12
12 20
31 12
12 9
23 24
18 25
12 29
12 28
12 14
8 17
23 17
8 22
14 26
16 25
14 16
15 8
20 14
17 29
9 30
13 25
26 11
23 20
25 24
22 29
10 23
15 16
20 12
16 15
12 15
8 26
23 14
16 23
13 11
13 26
27 7
26 25
30 30
19 19
8 13
24 28
17 10
11 9
25 30
22 18
19 7
16 29
24 20
23 14
23 19
27 8
26 10
8 14
13 23
13 27
19 7
12 10
19 14
22 26
17 11
25 7
19 16
18 28
15 18
11 17
12 29
23 15
11 13
30 9
18 8
15 16
25 19
22 11
28 22
25 23
13 13
30 25
8 31
29 23
12 16
12 11
29 8
20 25
19 27
16 11
27 15
7 11
21 15
28 8
30 8
18 16
23 19
26 13
31 28
26 12
13 13
28 8
22 15
31 25
30 20
25 19
25 23
13 22
17 16
8 28
11 18
10 13
23 24
14 17
21 12
21 20
7 9
27 19
13 23
21 19
20 19
18 11
30 29
17 17
22 13
29 16
8 9
31 30
8 22
27 8
30 29
17 18
18 31
31 13
28 26
8 27
26 27
7 10
30 22
9 11
22 29
24 29
8 10
17 15
13 17
18 31
11 23
20 29
9 12
29 20
24 23
20 12
10 13
25 9
8 17
8 20
26 7
19 16
9 16
28 15
14 26
20 15
20 10
17 27
31 20
11 19
18 15
14 31
7 14
17 15
17 12
20 26
21 26
