17 20
0.0029296875 0.0048828125 0.0009765625 0.0009765625 0.0009765625 0.0048828125 0.0009765625 0.001953125 0.001953125 0.0009765625 0.0078125 0.0009765625 0.01171875 0.0009765625 0.0009765625 0.0078125 0.0029296875 0.001953125 0.001953125 0.0029296875
0.005859375 0.0068359375 0.001953125 0.00390625 0.0009765625 0.0087890625 0.0009765625 0.0009765625 0.0029296875 0.0009765625 0.0029296875 0.0078125 0.0029296875 0.0029296875 0.0009765625 0.0029296875 0.005859375 0.0009765625 0.0048828125 0.0048828125
0.0029296875 0.0009765625 0.0048828125 0.00390625 0.00390625 0.0009765625 0.00390625 0.0029296875 0.001953125 0.001953125 0.001953125 0.001953125 0.001953125 0.001953125 0.00390625 0.0029296875 0.001953125 0.001953125 0.0029296875 0.001953125
0.0009765625 0.001953125 0.001953125 0.001953125 0.0078125 0.0048828125 0.00390625 0.001953125 0.0029296875 0.0009765625 0.001953125 0.0029296875 0.005859375 0.001953125 0.001953125 0.0009765625 0.00390625 0.0009765625 0.0009765625 0.0146484375
0.0009765625 0.001953125 0.001953125 0.0029296875 0.0009765625 0.0029296875 0.0009765625 0.0029296875 0.001953125 0.0009765625 0.0009765625 0.0029296875 0.0009765625 0.00390625 0.0068359375 0.0009765625 0.0009765625 0.0009765625 0.001953125 0.001953125
0.0009765625 0.001953125 0.00390625 0.0009765625 0.0009765625 0.0029296875 0.001953125 0.0009765625 0.0009765625 0.0048828125 0.005859375 0.0048828125 0.0009765625 0.0009765625 0.0029296875 0.0009765625 0.0029296875 0.0048828125 0.0029296875 0.0068359375
0.0048828125 0.0009765625 0.001953125 0.0048828125 0.0048828125 0.001953125 0.0068359375 0.00390625 0.0048828125 0.00390625 0.0029296875 0.001953125 0.00390625 0.0009765625 0.001953125 0.00390625 0.0009765625 0.0009765625 0.0009765625 0.0009765625
0.00390625 0.001953125 0.001953125 0.00390625 0.001953125 0.0009765625 0.001953125 0.0009765625 0.0126953125 0.0009765625 0.0009765625 0.0009765625 0.0068359375 0.0009765625 0.00390625 0.0078125 0.0009765625 0.0009765625 0.001953125 0.0048828125
0.0048828125 0.0009765625 0.0068359375 0.0048828125 0.0029296875 0.0048828125 0.0048828125 0.001953125 0.0009765625 0.0009765625 0.0009765625 0.0009765625 0.0009765625 0.0048828125 0.00390625 0.00390625 0.0009765625 0.0009765625 0.0009765625 0.00390625
0.001953125 0.00390625 0.001953125 0.0009765625 0.0068359375 0.0029296875 0.001953125 0.0029296875 0.0009765625 0.00390625 0.001953125 0.0029296875 0.0029296875 0.0009765625 0.0048828125 0.0029296875 0.0009765625 0.0068359375 0.001953125 0.0029296875
0.001953125 0.001953125 0.0087890625 0.0009765625 0.001953125 0.0009765625 0.001953125 0.001953125 0.0068359375 0.0029296875 0.0029296875 0.0009765625 0.0029296875 0.001953125 0.0009765625 0.0087890625 0.001953125 0.0009765625 0.0078125 0.0048828125
0.0009765625 0.001953125 0.0068359375 0.0029296875 0.0009765625 0.001953125 0.00390625 0.001953125 0.001953125 0.0009765625 0.0048828125 0.001953125 0.0029296875 0.005859375 0.001953125 0.0107421875 0.0048828125 0.0009765625 0.0009765625 0.0009765625
0.0009765625 0.0009765625 0.001953125 0.0009765625 0.0029296875 0.00390625 0.0068359375 0.0009765625 0.00390625 0.001953125 0.0009765625 0.00390625 0.0009765625 0.0009765625 0.009765625 0.0029296875 0.005859375 0.0009765625 0.001953125 0.0009765625
0.00390625 0.0009765625 0.001953125 0.0068359375 0.0009765625 0.0009765625 0.0029296875 0.005859375 0.001953125 0.005859375 0.0009765625 0.005859375 0.00390625 0.005859375 0.001953125 0.001953125 0.001953125 0.0009765625 0.005859375 0.0107421875
0.0009765625 0.001953125 0.0009765625 0.0029296875 0.0048828125 0.0048828125 0.001953125 0.0009765625 0.0029296875 0.0009765625 0.0029296875 0.0009765625 0.0009765625 0.0009765625 0.001953125 0.0009765625 0.00390625 0.0009765625 0.0029296875 0.0009765625
0.005859375 0.001953125 0.001953125 0.0009765625 0.0029296875 0.0029296875 0.0009765625 0.001953125 0.0029296875 0.0029296875 0.0078125 0.001953125 0.001953125 0.001953125 0.00390625 0.001953125 0.001953125 0.001953125 0.005859375 0.0009765625
0.0029296875 0.001953125 0.0078125 0.001953125 0.001953125 0.001953125 0.001953125 0.00390625 0.001953125 0.0009765625 0.0078125 0.0048828125 0.0009765625 0.001953125 0.00390625 0.0107421875 0.0048828125 0.005859375 0.0009765625 0.001953125
