289
199 170
203 167
198 176
162 176
187 181
185 196
200 181
171 205
174 198
185 195
181 206
172 174
190 191
206 187
197 210
174 190
169 185
201 191
190 209
192 193
204 170
196 204
184 190
188 201
196 205
188 182
172 191
171 209
187 187
167 192
169 190
193 210
177 193
192 167
191 182
162 192
168 169
180 189
195 163
197 164
185 196
178 196
181 202
204 181
162 189
164 209
196 169
197 210
163 174
202 182
165 174
167 197
173 196
201 166
173 166
200 191
167 210
174 182
209 162
199 209
200 200
179 180
183 180
192 185
210 206
190 166
177 188
182 167
164 174
209 209
202 184
170 166
180 199
210 198
202 171
179 198
184 186
173 179
175 175
199 210
163 177
182 178
205 170
181 193
196 200
202 179
201 194
177 177
209 201
190 190
164 209
175 170
186 192
182 174
198 167
176 162
202 200
201 182
207 203
165 165
184 173
168 185
184 168
201 184
190 173
178 166
178 182
184 170
191 197
191 164
197 173
185 190
191 180
167 193
181 172
171 180
187 190
194 203
180 168
170 166
179 209
210 199
191 176
205 196
198 163
175 178
167 180
205 210
188 163
189 193
203 210
193 187
195 208
181 181
166 173
194 178
169 198
194 204
199 173
178 165
207 198
180 178
197 164
174 196
167 179
204 191
209 210
169 170
201 175
170 196
206 162
206 194
172 198
204 200
171 201
201 205
175 207
189 166
177 186
200 199
197 208
164 189
165 175
198 181
201 180
188 174
202 185
184 172
167 204
202 188
197 210
192 166
165 164
204 163
173 172
200 181
205 183
171 186
207 178
181 174
166 171
188 182
188 207
164 171
196 204
170 179
210 188
162 204
182 163
175 196
202 170
168 179
199 172
186 191
192 202
206 196
163 189
198 186
181 184
163 180
191 187
163 168
195 182
182 164
182 203
171 167
180 199
167 192
203 197
176 200
168 166
199 193
182 198
163 164
173 172
201 183
190 200
186 178
204 187
169 170
210 162
172 162
194 170
193 200
206 193
169 175
204 162
182 170
168 175
168 177
164 193
193 179
170 202
166 168
204 187
184 208
164 179
200 178
199 196
180 169
164 189
207 206
206 194
176 169
171 168
197 195
187 190
174 166
191 189
174 166
192 206
170 163
174 167
172 173
199 202
191 170
202 169
201 210
193 186
198 187
195 206
192 170
165 177
173 184
187 194
171 206
184 185
165 205
190 202
208 165
168 169
186 182
185 175
204 200
204 176
176 175
202 192
207 207
206 203
207 203
201 179
190 181
209 170
165 205
181 206
191 200
166 186
188 164
203 189
