588
589 585
585 588
591 592
590 587
593 592
588 586
587 592
592 589
588 590
586 587
590 591
589 586
585 592
590 586
585 585
592 588
586 590
593 592
586 586
586 588
588 587
589 587
587 587
590 590
590 591
588 586
586 585
592 587
588 591
586 585
590 593
587 592
593 590
585 587
589 593
586 591
590 587
586 592
593 592
588 592
585 590
590 593
585 591
587 588
586 592
589 585
587 593
590 591
588 593
593 589
587 586
591 593
593 592
587 590
590 587
587 590
588 593
586 587
593 587
591 589
585 589
593 592
590 590
591 592
593 592
589 591
590 589
591 593
588 587
586 591
591 586
592 588
586 592
592 593
589 588
588 593
588 588
585 585
585 593
589 592
587 591
588 589
591 593
587 585
589 586
591 590
591 586
586 588
591 592
592 586
591 585
590 593
590 592
588 591
586 588
588 588
589 586
588 589
589 589
591 586
586 589
593 588
585 586
592 586
588 591
589 590
590 589
591 587
593 585
589 585
593 585
591 590
589 591
588 589
586 593
592 585
590 592
592 586
593 585
592 590
589 587
591 588
590 591
585 588
593 585
586 586
590 592
589 588
593 592
587 585
588 591
593 589
592 593
586 590
588 590
589 588
585 586
589 586
589 593
588 586
585 591
591 586
586 586
587 589
593 589
585 591
589 587
590 591
589 590
591 586
588 590
589 587
590 592
585 588
593 586
585 588
592 591
590 592
587 591
589 587
586 588
588 588
593 590
588 586
592 592
593 593
591 585
589 589
593 592
590 593
586 585
589 585
590 585
591 591
589 588
592 589
590 587
593 593
589 585
588 586
585 587
591 587
587 587
586 586
592 585
587 590
588 593
593 590
588 585
591 590
593 592
587 590
586 592
592 586
590 591
592 587
593 585
590 585
587 589
587 591
590 585
593 586
590 587
586 587
589 590
593 589
589 586
592 593
589 585
589 589
587 589
590 589
592 591
589 588
588 588
586 588
589 590
590 585
590 587
591 592
587 586
589 592
587 585
586 586
593 593
591 593
588 586
588 586
585 592
588 586
589 589
592 590
590 586
589 593
588 590
585 585
585 591
588 585
593 590
590 586
591 590
591 585
590 592
587 593
590 585
588 587
593 591
585 586
590 589
591 587
591 593
591 590
588 589
586 590
591 590
588 592
587 588
588 593
593 585
587 593
591 591
587 590
593 588
591 587
585 590
593 593
592 590
591 588
587 585
587 593
590 585
593 590
589 585
587 592
592 591
593 592
586 593
592 587
593 590
586 588
591 587
589 593
589 591
592 590
588 586
591 592
590 588
586 589
585 586
592 589
592 588
586 593
589 591
589 591
587 593
590 590
590 591
586 593
591 586
592 589
591 587
593 592
591 589
590 588
590 593
592 591
589 592
592 587
587 592
592 589
589 590
590 591
585 592
590 590
586 587
586 585
589 586
593 592
585 586
591 589
587 590
586 589
591 592
585 588
589 586
592 587
589 590
586 586
592 589
587 588
586 585
587 592
593 590
590 585
586 587
589 585
589 587
587 585
592 590
587 591
586 592
586 587
593 586
593 587
588 586
592 588
587 586
592 585
590 587
586 588
587 589
587 592
591 590
588 592
593 586
587 590
593 588
590 590
586 591
587 593
593 593
588 589
586 585
586 591
589 590
590 588
588 586
586 590
589 589
586 586
590 586
593 591
592 588
593 586
585 590
589 591
592 587
585 589
592 588
589 585
585 591
586 588
586 591
591 585
590 587
590 591
591 588
589 588
586 592
588 589
590 587
592 591
585 591
591 585
586 589
591 590
593 590
590 592
590 593
593 593
589 587
585 590
585 585
585 591
586 592
588 591
586 592
592 590
590 593
585 589
585 586
593 586
589 591
592 592
590 590
592 593
587 587
590 587
590 592
593 585
589 590
592 587
590 585
585 590
585 592
591 593
587 591
585 591
589 586
586 586
593 588
591 585
585 591
585 590
586 585
587 593
586 589
588 592
587 591
592 587
588 589
586 590
593 592
591 593
592 589
589 585
585 591
586 586
591 586
588 589
588 590
591 592
593 589
591 588
585 588
586 589
591 593
588 590
590 593
589 586
586 593
589 591
589 591
593 586
593 586
585 591
586 591
591 586
586 591
589 590
592 588
592 590
587 585
593 586
592 593
587 592
592 591
589 593
592 590
590 588
588 591
587 585
585 586
585 590
593 592
590 587
592 592
591 591
593 590
593 591
586 585
587 585
590 587
588 587
591 585
586 586
590 587
585 586
585 592
593 585
592 593
586 591
593 589
590 591
587 592
590 587
589 586
588 591
588 590
589 585
588 586
585 592
589 592
590 590
592 591
591 588
585 587
589 586
585 587
590 591
591 592
593 593
588 586
591 586
589 589
590 592
586 586
585 589
586 593
588 588
593 588
587 593
591 587
587 592
591 585
592 589
588 586
587 589
590 590
589 591
589 589
589 592
589 586
589 586
588 587
590 588
593 585
592 589
593 586
588 590
591 588
589 588
587 591
590 586
592 589
590 585
591 586
585 592
588 591
592 593
587 589
588 589
587 586
588 587
586 590
586 587
588 588
591 591
586 586
586 588
588 587
592 586
590 592
588 592
588 590
588 593
593 590
588 593
590 588
590 593
585 591
591 590
587 586
591 589
589 590
591 593
590 591
588 586
