636
-550 -497
-575 -602
-523 -517
-504 -514
-605 -588
-531 -540
-592 -554
-562 -546
-570 -601
-493 -585
-567 -561
-557 -548
-496 -594
-495 -493
-513 -563
-577 -512
-502 -506
-523 -581
-519 -525
-552 -592
-544 -552
-603 -535
-539 -582
-555 -512
-494 -534
-517 -577
-499 -492
-571 -534
-564 -546
-571 -529
-510 -548
-519 -529
-551 -580
-590 -524
-577 -534
-593 -490
-545 -599
-557 -598
-570 -539
-491 -542
-540 -574
-566 -521
-537 -559
-542 -570
-544 -518
-513 -542
-600 -519
-550 -601
-602 -564
-565 -536
-537 -514
-570 -541
-537 -607
-574 -560
-581 -574
-559 -534
-528 -502
-543 -523
-559 -509
-566 -600
-590 -553
-557 -558
-581 -522
-588 -578
-593 -521
-587 -607
-561 -498
-552 -604
-512 -525
-606 -574
-516 -606
-589 -534
-560 -515
-539 -505
-528 -532
-527 -498
-568 -602
-601 -572
-560 -526
-604 -547
-507 -580
-521 -520
-598 -595
-519 -542
-569 -510
-574 -539
-527 -554
-585 -589
-495 -555
-522 -606
-544 -534
-494 -566
-572 -570
-583 -556
-599 -575
-586 -558
-531 -573
-602 -522
-587 -599
-552 -510
-555 -537
-508 -551
-571 -506
-593 -558
-555 -602
-516 -563
-549 -507
-557 -562
-523 -555
-589 -508
-513 -592
-584 -531
-511 -586
-492 -592
-596 -514
-602 -525
-580 -546
-598 -503
-560 -515
-554 -602
-553 -576
-594 -589
-593 -517
-567 -502
-604 -495
-573 -496
-498 -594
-565 -599
-491 -517
-602 -598
-574 -490
-605 -550
-527 -584
-491 -531
-566 -568
-531 -535
-576 -597
-547 -554
-527 -512
-525 -559
-544 -548
-501 -500
-569 -588
-507 -534
-555 -506
-592 -549
-602 -566
-567 -591
-544 -520
-575 -585
-493 -496
-601 -595
-497 -596
-515 -557
-536 -541
-506 -598
-585 -518
-560 -539
-520 -549
-603 -537
-601 -513
-594 -576
-591 -602
-496 -505
-498 -584
-605 -588
-597 -570
-528 -515
-507 -574
-548 -559
-514 -591
-563 -518
-538 -539
-571 -513
-546 -527
-602 -556
-502 -589
-522 -602
-588 -537
-526 -547
-563 -534
-528 -582
-548 -543
-536 -600
-492 -593
-516 -599
-523 -504
-493 -537
-587 -564
-540 -552
-527 -570
-580 -604
-563 -544
-558 -530
-537 -501
-523 -600
-585 -582
-540 -584
-538 -498
-574 -514
-599 -528
-532 -575
-533 -524
-552 -500
-590 -529
-500 -515
-554 -605
-507 -500
-539 -544
-568 -549
-517 -526
-545 -594
-516 -545
-596 -544
-530 -588
-529 -499
-563 -607
-513 -552
-550 -533
-504 -532
-593 -492
-530 -554
-490 -559
-525 -573
-545 -543
-537 -523
-497 -531
-535 -566
-586 -602
-598 -586
-604 -509
-598 -506
-527 -507
-513 -605
-546 -490
-549 -585
-530 -595
-516 -547
-490 -496
-568 -490
-560 -563
-561 -498
-561 -546
-554 -600
-573 -522
-513 -496
-568 -600
-497 -490
-514 -507
-524 -552
-514 -535
-530 -575
-594 -491
-536 -593
-502 -506
-521 -574
-539 -519
-575 -490
-588 -515
-520 -527
-582 -552
-600 -571
-603 -564
-507 -512
-506 -497
-560 -603
-544 -557
-494 -511
-583 -498
-546 -524
-570 -517
-504 -515
-516 -575
-498 -512
-569 -574
-589 -513
-504 -536
-561 -526
-528 -577
-564 -510
-521 -596
-552 -541
-602 -563
-569 -532
-569 -592
-509 -570
-504 -525
-536 -553
-536 -520
-607 -500
-525 -544
-560 -525
-567 -576
-492 -575
-523 -598
-593 -513
-515 -574
-514 -582
-498 -576
-594 -534
-500 -554
-550 -606
-563 -541
-531 -524
-529 -590
-587 -585
-543 -498
-560 -586
-586 -500
-572 -511
-539 -523
-547 -573
-575 -572
-508 -603
-565 -525
-564 -560
-529 -529
-605 -581
-555 -605
-583 -607
-568 -577
-568 -553
-491 -511
-573 -587
-543 -535
-509 -599
-490 -501
-586 -571
-533 -539
-523 -580
-577 -495
-524 -593
-548 -508
-538 -558
-523 -531
-558 -497
-536 -535
-531 -503
-576 -521
-571 -591
-543 -588
-593 -498
-501 -584
-517 -492
-533 -550
-523 -574
-529 -519
-538 -551
-558 -584
-493 -557
-544 -542
-539 -536
-562 -531
-575 -555
-513 -574
-591 -561
-599 -601
-510 -568
-541 -501
-518 -514
-509 -567
-561 -574
-517 -524
-536 -607
-501 -545
-578 -582
-539 -539
-546 -506
-582 -539
-501 -539
-516 -588
-507 -568
-558 -540
-581 -558
-493 -597
-510 -562
-504 -531
-595 -497
-511 -549
-554 -520
-599 -557
-576 -580
-587 -594
-523 -578
-596 -499
-588 -601
-493 -542
-597 -543
-561 -573
-516 -537
-494 -552
-539 -515
-582 -580
-520 -554
-495 -552
-604 -603
-567 -499
-581 -557
-606 -555
-511 -588
-559 -518
-573 -604
-551 -497
-552 -507
-591 -606
-526 -518
-557 -504
-508 -538
-513 -584
-581 -546
-522 -492
-589 -497
-573 -536
-590 -560
-501 -602
-526 -587
-515 -509
-509 -601
-506 -601
-549 -516
-604 -556
-508 -540
-538 -517
-533 -565
-529 -583
-497 -583
-501 -607
-593 -529
-550 -546
-536 -573
-572 -536
-560 -544
-540 -496
-564 -505
-533 -541
-576 -560
-572 -500
-597 -607
-547 -591
-494 -526
-517 -564
-514 -492
-558 -563
-548 -591
-579 -520
-540 -524
-533 -602
-544 -491
-564 -583
-597 -492
-516 -524
-514 -572
-524 -492
-537 -492
-555 -568
-531 -528
-543 -602
-523 -530
-531 -539
-511 -604
-594 -582
-499 -556
-532 -523
-592 -547
-604 -606
-541 -564
-495 -544
-578 -547
-534 -573
-568 -563
-595 -573
-581 -561
-510 -575
-554 -566
-563 -533
-515 -603
-589 -587
-527 -595
-536 -602
-506 -528
-574 -556
-558 -577
-585 -559
-572 -601
-542 -535
-559 -511
-598 -548
-594 -594
-568 -494
-595 -540
-585 -491
-541 -506
-607 -599
-540 -521
-585 -585
-573 -603
-601 -569
-537 -506
-577 -522
-497 -599
-509 -537
-517 -589
-514 -562
-574 -571
-498 -576
-534 -506
-561 -552
-583 -514
-539 -563
-540 -587
-536 -582
-587 -562
-520 -604
-557 -516
-603 -550
-593 -522
-540 -500
-525 -505
-560 -574
-599 -594
-594 -553
-496 -603
-574 -549
-501 -560
-504 -532
-508 -583
-603 -569
-557 -510
-526 -497
-502 -500
-580 -579
-496 -587
-536 -549
-587 -564
-515 -543
-491 -568
-495 -557
-544 -549
-607 -501
-515 -562
-496 -503
-601 -600
-502 -519
-560 -543
-517 -531
-543 -498
-519 -574
-603 -528
-601 -599
-601 -542
-536 -530
-573 -575
-506 -541
-543 -524
-587 -582
-521 -518
-571 -563
-602 -545
-596 -490
-502 -502
-536 -571
-571 -541
-584 -507
-568 -549
-532 -512
-604 -559
-549 -528
-497 -501
-514 -520
-604 -548
-592 -599
-607 -534
-564 -493
-596 -575
-520 -509
-511 -558
-516 -574
-552 -594
-597 -587
-491 -508
-551 -514
-589 -554
-592 -513
-553 -596
-526 -536
-604 -565
-596 -548
-524 -547
-576 -548
-516 -592
-560 -540
-497 -503
-569 -531
-501 -502
-498 -524
-547 -539
-606 -562
-593 -596
-595 -532
-517 -537
-584 -491
-543 -532
-584 -495
-542 -548
-567 -539
-583 -585
-606 -600
-584 -528
-571 -554
-579 -598
-509 -600
-590 -545
-583 -515
-539 -501
-532 -508
-543 -540
-558 -567
-490 -582
-521 -545
-521 -499
-494 -504
-601 -576
-535 -584
-582 -596
-590 -525
-490 -590
-578 -526
-501 -491
-556 -581
-568 -492
-599 -537
-580 -527
-557 -576
-521 -599
-520 -561
-525 -589
