870
-323 -259
-307 -281
-421 -369
-303 -260
-262 -318
-426 -399
-291 -287
-356 -265
-407 -379
-275 -425
-282 -407
-288 -363
-295 -280
-391 -423
-374 -259
-289 -262
-423 -282
-324 -359
-345 -390
-343 -255
-360 -347
-423 -413
-411 -369
-350 -257
-278 -439
-366 -378
-297 -441
-320 -398
-406 -428
-372 -306
-401 -368
-411 -313
-432 -290
-372 -256
-441 -346
-401 -277
-289 -443
-344 -277
-271 -441
-419 -402
-340 -285
-349 -325
-282 -314
-269 -407
-408 -358
-276 -308
-313 -376
-372 -436
-435 -318
-266 -297
-443 -348
-287 -344
-370 -389
-267 -297
-396 -304
-325 -415
-278 -442
-305 -330
-394 -266
-285 -351
-350 -422
-434 -434
-282 -438
-389 -326
-434 -374
-426 -308
-399 -407
-279 -266
-407 -305
-335 -268
-427 -395
-298 -450
-307 -425
-428 -412
-264 -359
-278 -265
-273 -375
-273 -281
-298 -442
-422 -404
-295 -278
-378 -436
-333 -311
-334 -382
-265 -423
-348 -285
-266 -306
-427 -387
-262 -323
-393 -403
-383 -276
-434 -261
-434 -408
-383 -413
-255 -278
-313 -262
-288 -349
-393 -290
-319 -264
-394 -438
-308 -276
-383 -362
-446 -311
-269 -284
-377 -380
-379 -274
-269 -298
-442 -349
-265 -413
-409 -288
-371 -377
-445 -272
-377 -259
-334 -293
-268 -329
-445 -414
-284 -306
-304 -403
-364 -325
-433 -430
-288 -328
-316 -375
-444 -450
-347 -438
-389 -409
-388 -422
-447 -268
-287 -363
-394 -380
-344 -296
-420 -320
-396 -287
-283 -302
-412 -291
-267 -299
-386 -359
-368 -299
-415 -292
-429 -337
-388 -421
-311 -406
-323 -424
-401 -344
-346 -416
-305 -384
-412 -296
-379 -387
-374 -385
-427 -346
-433 -372
-275 -433
-311 -311
-281 -428
-267 -368
-302 -297
-342 -306
-332 -361
-256 -334
-379 -289
-271 -368
-262 -287
-297 -407
-377 -419
-392 -274
-448 -351
-297 -398
-421 -311
-341 -386
-291 -280
-414 -282
-280 -410
-356 -423
-419 -269
-325 -352
-256 -366
-371 -374
-445 -423
-283 -415
-321 -327
-344 -357
-368 -367
-443 -298
-348 -343
-277 -345
-315 -380
-271 -395
-383 -289
-358 -372
-323 -379
-360 -400
-389 -294
-365 -282
-400 -427
-396 -430
-382 -310
-354 -335
-316 -266
-327 -415
-349 -287
-293 -398
-328 -338
-427 -269
-291 -301
-399 -389
-443 -285
-309 -442
-392 -422
-301 -331
-291 -415
-313 -290
-286 -378
-302 -422
-257 -323
-338 -362
-277 -370
-375 -412
-305 -357
-350 -376
-328 -417
-399 -334
-340 -366
-356 -367
-427 -409
-311 -381
-334 -437
-312 -411
-268 -317
-406 -344
-411 -377
-382 -329
-417 -420
-303 -381
-310 -274
-260 -353
-427 -367
-327 -432
-340 -335
-306 -432
-440 -388
-282 -313
-404 -439
-450 -408
-399 -424
-333 -271
-370 -255
-439 -402
-259 -301
-341 -262
-366 -408
-410 -258
-426 -299
-283 -255
-441 -437
-257 -408
-327 -390
-395 -302
-388 -402
-418 -393
-414 -379
-346 -313
-340 -322
-370 -357
-417 -431
-303 -423
-327 -432
-385 -370
-328 -381
-372 -328
-393 -377
-288 -334
-354 -424
-419 -267
-444 -320
-442 -396
-438 -335
-324 -446
-332 -433
-266 -385
-413 -283
-388 -289
-427 -421
-354 -345
-383 -268
-443 -367
-424 -450
-288 -329
-314 -290
-427 -378
-394 -267
-400 -450
-283 -281
-415 -385
-298 -325
-259 -392
-395 -273
-424 -450
-420 -413
-295 -424
-346 -278
-419 -383
-355 -365
-378 -386
-447 -396
-304 -328
-352 -258
-312 -396
-450 -425
-388 -322
-374 -440
-400 -375
-423 -438
-324 -396
-371 -323
-361 -387
-374 -367
-409 -427
-376 -283
-304 -339
-357 -443
-359 -363
-360 -375
-343 -282
-338 -415
-256 -336
-417 -395
-394 -349
-440 -413
-264 -262
-338 -380
-287 -435
-447 -416
-379 -286
-282 -433
-367 -441
-430 -366
-361 -349
-305 -362
-414 -285
-370 -321
-436 -306
-350 -413
-408 -315
-398 -398
-402 -291
-342 -330
-259 -433
-350 -450
-331 -398
-405 -417
-409 -424
-288 -328
-442 -280
-434 -415
-424 -394
-296 -400
-414 -339
-317 -410
-447 -367
-307 -264
-271 -317
-432 -448
-355 -366
-447 -292
-357 -289
-405 -284
-375 -272
-350 -437
-348 -296
-378 -309
-269 -299
-429 -280
-418 -282
-370 -262
-335 -279
-291 -269
-293 -290
-280 -416
-430 -403
-262 -333
-414 -287
-420 -392
-307 -435
-301 -301
-339 -316
-439 -403
-329 -364
-423 -335
-288 -275
-298 -409
-404 -297
-283 -347
-369 -319
-391 -444
-280 -441
-343 -392
-288 -353
-356 -280
-420 -428
-414 -392
-299 -263
-399 -354
-402 -359
-347 -377
-351 -417
-273 -335
-434 -342
-343 -359
-330 -296
-289 -437
-358 -369
-303 -349
-409 -308
-399 -426
-303 -275
-403 -370
-342 -296
-384 -435
-293 -321
-400 -375
-361 -342
-367 -257
-287 -444
-385 -401
-311 -268
-347 -448
-437 -415
-336 -400
-450 -270
-450 -350
-286 -392
-311 -323
-412 -437
-297 -323
-420 -323
-401 -400
-416 -442
-431 -294
-337 -298
-415 -372
-295 -267
-428 -322
-341 -391
-402 -420
-362 -324
-372 -359
-255 -337
-426 -377
-446 -350
-374 -437
-352 -377
-432 -394
-447 -268
-362 -291
-259 -337
-432 -297
-287 -326
-278 -449
-385 -436
-433 -381
-350 -384
-396 -266
-320 -327
-406 -431
-407 -314
-284 -276
-321 -378
-331 -288
-396 -326
-280 -346
-359 -314
-391 -325
-257 -260
-379 -263
-393 -406
-377 -379
-323 -332
-387 -270
-303 -274
-396 -322
-263 -336
-280 -291
-319 -258
-341 -260
-291 -427
-352 -398
-282 -401
-398 -283
-363 -334
-376 -346
-278 -381
-432 -336
-285 -265
-327 -384
-329 -356
-330 -433
-431 -398
-407 -285
-265 -343
-301 -268
-306 -443
-374 -432
-385 -429
-367 -310
-349 -307
-307 -425
-450 -440
-271 -290
-265 -402
-264 -434
-275 -390
-374 -277
-362 -439
-255 -345
-389 -332
-306 -373
-280 -288
-307 -383
-415 -295
-389 -438
-430 -395
-405 -399
-266 -394
-443 -314
-393 -320
-268 -288
-426 -298
-412 -275
-270 -409
-409 -285
-309 -434
-395 -315
-437 -390
-404 -363
-338 -266
-383 -293
-336 -310
-327 -321
-445 -443
-298 -299
-362 -361
-366 -273
-424 -404
-306 -315
-266 -431
-413 -389
-433 -309
-276 -444
-364 -417
-384 -256
-287 -443
-315 -365
-376 -405
-351 -364
-321 -449
-333 -269
-383 -429
-389 -399
-307 -327
-350 -368
-268 -330
-388 -337
-416 -426
-267 -288
-348 -356
-429 -326
-350 -277
-284 -302
-339 -352
-267 -328
-354 -430
-282 -335
-388 -336
-333 -308
-303 -349
-368 -367
-340 -256
-311 -274
-393 -358
-264 -434
-373 -392
-323 -450
-271 -320
-349 -441
-375 -267
-291 -440
-441 -268
-314 -388
-428 -394
-329 -295
-370 -421
-319 -381
-442 -450
-269 -347
-431 -258
-264 -328
-325 -312
-301 -344
-420 -325
-374 -290
-301 -372
-333 -373
-428 -395
-442 -402
-289 -308
-268 -324
-361 -307
-432 -386
-317 -385
-389 -440
-348 -268
-426 -389
-301 -337
-268 -284
-445 -348
-364 -332
-418 -355
-338 -388
-276 -315
-265 -348
-418 -394
-342 -443
-347 -281
-334 -371
-363 -434
-283 -283
-402 -389
-276 -255
-333 -295
-274 -266
-365 -303
-428 -392
-349 -408
-336 -362
-379 -446
-354 -417
-367 -361
-416 -445
-415 -439
-290 -334
-415 -388
-437 -353
-431 -256
-369 -297
-305 -382
-292 -424
-337 -433
-345 -423
-422 -361
-362 -287
-337 -395
-288 -312
-352 -315
-259 -361
-355 -424
-445 -397
-403 -386
-263 -415
-388 -417
-312 -403
-392 -409
-348 -257
-314 -276
-321 -290
-449 -258
-315 -381
-428 -330
-446 -426
-271 -285
-417 -384
-256 -315
-422 -278
-350 -350
-259 -276
-311 -274
-334 -263
-413 -377
-347 -372
-396 -430
-401 -391
-295 -345
-294 -388
-316 -259
-424 -326
-327 -447
-329 -446
-385 -316
-429 -330
-404 -445
-393 -316
-416 -362
-433 -396
-415 -284
-306 -420
-403 -256
-397 -312
-425 -360
-301 -297
-446 -285
-269 -445
-409 -379
-383 -259
-417 -293
-430 -380
-312 -294
-261 -381
-390 -442
-414 -404
-340 -270
-418 -277
-378 -345
-446 -426
-411 -378
-280 -273
-285 -257
-258 -273
-391 -410
-411 -353
-360 -441
-275 -391
-263 -366
-368 -299
-288 -363
-411 -319
-305 -416
-376 -378
-291 -388
-373 -306
-266 -410
-354 -284
-342 -349
-337 -293
-303 -400
-328 -309
-372 -270
-335 -331
-309 -291
-299 -436
-400 -301
-275 -439
-261 -284
-256 -448
-347 -258
-444 -300
-277 -427
-433 -434
-388 -361
-440 -425
-450 -278
-414 -337
-421 -381
-440 -405
-421 -404
-314 -337
-428 -415
-327 -272
-290 -325
-354 -362
-354 -436
-325 -395
-411 -378
-267 -342
-443 -433
-368 -441
-389 -378
-447 -424
-319 -346
-267 -354
-340 -376
-405 -431
-360 -286
-359 -270
-416 -432
-357 -284
-407 -264
-320 -299
-425 -285
-331 -364
-304 -257
-363 -401
-445 -434
-405 -431
-296 -349
-317 -433
-331 -431
-386 -440
-290 -441
-394 -383
-291 -261
-264 -288
-279 -411
-323 -289
-304 -274
-334 -343
-262 -356
-332 -441
-409 -371
-357 -449
-333 -331
-315 -314
-374 -421
-276 -374
-269 -432
-269 -338
-352 -371
-310 -261
-256 -298
-364 -308
-399 -390
-329 -326
-376 -365
-415 -348
-366 -360
-316 -329
-411 -435
-424 -390
-360 -355
-375 -311
-366 -270
-309 -421
-384 -438
-336 -268
-257 -367
-401 -337
-404 -408
-324 -449
-415 -383
-278 -410
-450 -437
-296 -433
-332 -356
-407 -304
-267 -368
-325 -408
-404 -262
-307 -283
-306 -377
-404 -383
-311 -416
-431 -264
-378 -345
-399 -345
-277 -342
-314 -359
-302 -291
-408 -410
-419 -322
-302 -284
-372 -384
-374 -372
-449 -395
-390 -270
-304 -367
-394 -433
-291 -364
-428 -289
-376 -304
-286 -424
-444 -290
-419 -292
-292 -365
-286 -271
-335 -262
-336 -327
-434 -438
-324 -255
-399 -363
-299 -379
-437 -257
-406 -282
-272 -322
