763
30 10
-6 13
21 30
4 26
31 1
33 6
2 6
16 -1
3 33
-5 17
0 27
1 7
-4 30
5 2
20 10
2 -5
-4 18
30 13
0 21
34 24
23 -1
34 24
4 4
17 0
-3 5
33 31
15 -6
10 4
-4 28
13 2
1 34
24 -5
29 14
20 12
10 21
3 9
26 5
30 32
13 9
18 16
19 6
34 9
17 9
17 34
0 30
12 2
0 34
30 28
-1 -2
3 12
13 15
13 15
26 33
11 22
5 9
3 13
13 6
21 33
-6 4
0 32
13 29
14 17
9 0
14 23
-4 1
30 15
17 7
17 -6
12 17
32 1
3 17
12 27
16 23
1 5
30 2
30 -6
2 3
13 31
6 18
7 18
23 11
17 16
21 11
20 29
16 19
-6 29
-6 -5
-2 15
24 21
-6 29
16 23
9 31
27 15
34 16
12 29
10 3
9 1
31 8
21 17
10 -5
31 29
1 21
6 16
11 27
20 8
14 17
11 31
-3 31
34 -2
30 6
23 6
27 -4
5 2
10 20
-4 1
22 22
2 -4
29 11
12 32
17 25
19 8
13 30
22 34
2 3
10 25
13 5
8 25
28 12
8 15
6 0
24 0
27 12
8 14
8 2
3 14
4 26
16 18
2 -3
33 18
26 4
12 6
32 9
8 29
4 34
0 2
-3 22
3 15
21 22
3 32
14 3
26 3
16 7
15 9
7 6
-4 31
4 6
11 19
34 19
16 15
6 31
34 2
-3 -1
11 33
9 7
28 19
3 26
17 11
11 27
20 -5
5 33
4 19
17 32
16 28
30 8
33 17
21 10
26 19
4 0
21 30
5 19
7 -6
0 33
19 -5
15 14
11 14
31 -1
0 4
-3 -6
34 26
13 3
11 20
19 18
24 13
-6 0
8 15
24 20
10 -4
21 3
-6 26
34 28
34 7
4 17
8 30
-4 13
19 -6
0 -2
28 12
10 -4
20 11
-1 24
34 3
9 11
15 28
10 -2
15 7
31 29
27 3
34 12
25 31
6 5
15 12
20 30
22 25
7 15
-4 -4
5 25
4 8
24 25
1 -5
-5 23
13 24
0 -4
33 31
15 -5
5 17
15 -5
15 0
-2 25
-5 5
-1 32
31 17
-5 -5
19 25
-4 34
14 8
19 22
-6 0
14 10
34 17
10 24
-3 29
15 23
19 15
32 5
5 -4
-1 4
25 22
21 27
26 0
-2 34
11 16
25 6
8 21
26 -5
-1 33
2 23
19 24
10 28
-1 30
-3 0
32 21
-1 1
7 31
-1 31
4 3
1 -5
16 19
19 0
8 13
16 17
6 5
19 23
5 -3
14 4
25 31
27 16
11 32
20 28
-2 4
-6 -5
0 17
32 11
26 24
21 27
28 15
-1 30
1 0
32 30
-2 29
18 13
25 11
13 7
31 10
16 30
-2 5
0 -5
15 25
10 25
16 -4
-6 5
14 9
19 3
33 9
12 0
27 3
1 8
-4 -1
7 28
-4 31
0 24
5 23
12 20
29 20
11 -2
27 5
34 12
-3 3
5 6
19 -2
8 11
23 28
-3 13
2 14
4 13
15 -4
9 3
-3 23
14 31
26 33
19 -5
34 20
7 27
6 23
24 7
19 2
25 19
2 23
17 -6
24 30
32 3
20 9
1 10
22 -6
-2 -1
15 24
9 14
6 14
8 32
14 7
13 21
19 11
9 24
6 17
14 20
31 34
21 16
16 23
-3 -4
21 24
-3 24
19 12
15 25
16 28
34 10
5 33
9 13
7 28
11 4
4 7
-6 10
33 33
33 33
26 -4
1 23
16 23
9 29
2 3
-3 -6
32 -2
27 -2
5 30
32 30
10 31
22 3
27 21
2 -5
9 13
21 15
14 16
-3 10
21 -5
4 31
-1 1
9 30
3 -1
20 19
29 24
28 28
27 4
23 15
12 31
4 8
25 -4
12 25
13 34
-1 15
17 7
-1 21
6 28
33 8
14 26
-1 21
17 2
24 31
22 23
4 18
27 15
17 26
19 15
34 17
-3 31
17 13
20 16
11 18
1 22
5 17
10 22
7 17
3 21
-4 16
19 31
12 11
17 18
9 12
-6 30
18 7
4 0
15 0
3 34
6 -6
28 23
21 30
5 -5
15 5
-2 2
6 19
13 11
28 7
-4 30
0 26
19 31
21 0
-1 -5
16 -5
5 10
24 14
22 5
12 24
13 -1
13 16
34 32
28 8
23 11
-6 -3
33 27
8 13
34 14
21 24
18 27
17 32
26 3
26 34
16 -1
4 34
18 21
28 15
23 34
19 13
-3 1
-6 27
-6 1
9 -2
12 27
-1 7
7 29
7 18
-2 13
8 1
11 0
4 1
28 12
19 17
-3 5
2 -6
-6 16
27 -2
9 11
13 -3
15 5
10 24
-1 25
-2 11
14 16
34 33
4 16
15 19
14 11
13 16
17 24
13 0
4 11
0 23
26 22
12 14
31 14
6 6
29 9
-5 24
33 5
5 16
6 25
20 13
32 8
-4 30
8 3
33 23
25 -2
23 30
3 34
4 4
32 -1
15 1
22 26
22 17
29 16
-6 -6
32 -5
27 -1
26 20
7 18
25 3
-5 17
28 34
8 -2
-5 6
14 19
7 33
-2 10
18 9
16 8
33 34
17 10
30 -2
29 34
29 20
9 15
27 9
-2 6
4 31
25 13
24 -2
13 23
20 8
21 17
4 24
31 14
1 -6
24 10
12 25
-2 11
-5 7
11 24
19 8
27 15
10 19
33 26
33 4
11 13
18 33
22 13
34 22
22 1
0 10
4 0
2 4
3 28
31 1
6 18
-3 0
12 32
30 34
3 10
3 22
6 -5
7 33
3 23
-2 -3
32 13
-3 25
9 28
22 2
30 28
-3 26
9 21
22 26
8 5
29 0
6 0
1 -5
16 2
16 34
13 5
20 4
-3 -1
-4 15
14 33
-2 5
21 20
26 1
5 8
-3 31
17 29
-1 2
8 -5
25 32
23 0
28 -5
1 2
5 0
9 -1
26 7
0 22
10 6
32 34
20 15
32 17
-3 -4
27 22
22 11
20 10
14 8
5 16
1 -2
27 25
30 5
12 16
32 13
13 22
9 -5
16 0
32 -6
3 17
10 17
34 -3
23 5
27 31
0 16
26 26
25 5
3 13
12 33
-2 2
15 25
21 31
-6 34
15 29
24 1
22 28
-2 31
21 -4
-5 1
25 -3
8 9
0 28
12 17
28 23
0 -6
21 20
11 11
15 -3
1 9
10 30
34 2
4 29
20 33
-6 29
13 21
5 4
2 23
25 12
1 18
28 2
2 14
1 19
18 24
-3 16
21 -1
7 31
7 9
30 3
34 0
23 28
3 12
6 3
17 23
-1 11
18 5
29 16
4 13
10 24
23 -6
9 2
-5 -2
32 33
1 18
31 -3
-1 19
13 22
29 15
20 26
2 0
9 -2
34 8
21 17
12 20
27 13
20 5
33 22
3 -6
24 -2
31 2
15 15
-4 7
24 17
27 5
33 15
3 20
11 34
21 19
31 26
18 23
31 31
9 19
16 11
20 28
13 17
9 5
23 -2
30 31
18 34
15 -4
-6 5
3 14
