503
25 -13
-32 -107
-57 -12
3 -71
-90 10
15 -27
-94 -65
-54 -76
-39 -31
-37 -35
-49 -8
-38 -59
-85 9
-94 -84
-44 16
-109 24
-4 -64
-35 -68
-85 -108
-25 -97
24 16
-57 -40
-1 17
-48 -23
-7 9
-61 -104
29 -90
-85 -110
-56 21
27 -27
-62 -69
-56 -32
-33 30
-108 -44
9 -27
-53 13
-23 27
-109 20
-3 -84
-22 -108
6 -39
-64 -95
-11 21
13 -3
-67 -25
-110 26
-56 -85
-61 -70
-31 -111
-15 -27
-110 7
-77 -26
-89 -36
-77 -53
-89 -35
-50 -67
-23 -17
-69 -54
-87 -27
-69 -78
-10 -21
-108 -112
22 -67
9 0
6 -79
4 -74
-70 -49
-22 20
11 14
10 -32
-102 26
-48 -103
2 2
10 21
-98 17
22 -30
-107 -16
-61 7
-96 -28
-61 -112
-104 -93
-70 -60
-103 -63
27 -82
-27 -102
26 -57
18 -30
-29 -59
-78 17
-42 -19
-26 -15
-18 0
9 -60
31 5
-66 -36
26 -28
4 -16
-64 -31
-9 -4
-15 -110
-72 -24
0 4
-55 -63
-82 -68
-111 -81
-11 -68
-110 19
20 -45
27 19
20 -103
-58 31
-3 -111
-97 -20
30 -80
-51 -31
-1 -85
27 -96
-86 5
-105 -51
-93 -42
-91 26
-9 -89
1 -29
-1 -46
-13 -17
-46 -74
20 -65
-26 -22
18 -85
-36 23
-37 -20
-103 -36
-16 -113
-25 -3
18 -42
-5 -55
-49 -74
-18 -98
-60 -74
9 -40
-14 -70
-61 -113
-33 29
-113 -74
-39 10
-34 -53
-14 7
-60 23
13 -71
28 24
-7 10
5 -68
21 7
-39 -54
-52 -34
18 4
-30 -108
21 30
-67 2
-33 -24
9 -5
-31 17
-91 18
-110 -6
20 -15
-9 -43
7 19
-66 19
-1 -84
-34 -61
-1 -10
30 -83
18 -61
-111 -36
6 -33
7 30
16 -77
-94 -27
-68 20
20 -11
-13 -11
-33 -106
-82 -113
0 -37
-67 -82
-2 -56
-109 -95
-64 -54
-67 -75
-45 -76
23 5
-85 8
-3 -97
-66 -58
19 -36
-38 -100
-23 -47
-81 -35
-26 27
-100 -106
2 -32
-38 -31
11 20
7 -59
-94 -49
13 -15
-13 -61
-112 -113
-53 14
-113 1
-3 19
-106 3
-101 -20
-98 -67
10 -32
-91 -28
-15 -102
-107 -67
-7 30
-88 4
-46 9
-83 -112
-76 25
-92 31
12 11
8 14
-71 -46
-29 -53
-45 -29
20 -86
21 -6
-75 26
-86 28
-8 -74
0 -3
-50 29
-78 8
-98 -75
-74 -105
28 7
-46 -75
26 -93
-110 -105
17 12
-11 21
-27 9
-2 -40
-71 -12
-40 -90
-104 3
-47 -102
-108 -87
-82 -26
1 -38
26 -68
17 -3
-62 23
-15 -58
-87 -33
-34 -94
2 -34
20 -69
21 -14
-26 -78
-7 -93
-26 -100
-92 9
-107 -91
-18 0
-112 12
-2 -1
-6 -83
27 -6
-113 -54
-104 -70
-86 -71
-73 -85
6 25
-111 -76
-77 -101
-81 -109
-63 -27
-83 -12
2 -29
-18 -56
-65 -36
10 27
-111 -2
25 -3
-39 -30
-15 -34
-12 21
-19 -77
-21 -106
5 -90
26 -81
10 30
-50 -30
29 9
-55 6
25 -55
-54 -82
17 -12
-72 -66
-81 -34
-98 -54
-53 18
-94 -14
-56 -42
-93 -97
-28 -97
-97 -26
-31 -40
-78 -35
-42 1
-99 -71
2 -59
13 4
8 -61
-58 23
-90 -79
-35 -43
-67 6
-106 -31
-28 -111
-22 -60
29 -89
-52 3
-81 -61
-38 -11
-73 4
-56 -90
-10 -65
-33 -103
-84 -11
2 9
-7 -105
-32 -29
-6 -19
-81 9
-48 -98
-102 -60
8 -9
12 -32
-39 -56
-62 -98
19 -10
-54 -3
-75 -62
11 -65
28 -39
-112 -30
1 -3
-108 -7
-109 -41
10 10
-107 -106
-48 -26
-8 15
-21 25
6 -19
-12 -1
-12 -91
-1 2
-106 -50
-17 -22
13 -104
-35 11
-97 -84
-41 -42
-9 -58
-39 -62
-11 -32
-7 -42
-10 -6
-37 22
-47 -41
-58 -28
-15 -23
-59 8
25 -97
-37 -88
14 -86
-75 -85
9 -77
-24 6
-113 -63
-76 -31
-30 -76
31 -25
-70 -44
-99 -28
-26 -100
10 -4
-31 30
-54 -40
-4 19
10 13
-43 -32
-112 -111
4 -28
-109 -62
-100 -15
-90 -35
-101 -101
-86 -61
-86 -91
-62 -103
26 -39
2 6
-1 -16
-32 -56
-32 -43
-14 -88
9 -99
-46 -9
-95 -14
-63 -25
-73 -111
-53 31
-100 -112
-100 -23
-32 -78
-54 -7
-36 -20
31 -44
-82 -42
-45 -80
-109 -87
-81 -40
-73 -36
-88 -56
-18 -19
-77 -29
-43 -68
2 20
-58 12
3 -11
-56 6
-62 -40
9 25
-103 -112
-14 12
6 26
-37 -101
22 -101
-104 -70
-4 -8
-42 -79
-68 -9
-107 -88
-46 16
-58 -13
-33 31
-57 -2
-20 -96
-73 -25
-39 -39
-14 -33
-66 -21
-22 -91
-26 -54
-34 -60
30 -69
-87 -33
-98 -74
-104 10
18 -113
-108 -39
-25 17
-111 -13
-85 -12
-33 12
-77 -100
-88 31
28 13
12 13
-29 -110
-55 -40
-71 -11
-47 -99
25 26
-83 -83
12 -49
23 -60
-112 -91
-84 -30
-98 29
8 -80
-110 -107
7 -109
-8 -5
4 -113
-108 -18
-67 -106
17 -72
-66 -26
-107 -50
-1 -76
12 -12
-91 -95
29 -53
-70 -77
