722
26 6
9 10
7 35
36 10
11 11
38 23
26 32
17 13
36 6
11 34
28 16
0 27
4 6
36 29
29 17
20 8
9 27
22 32
0 11
15 22
26 16
21 21
31 10
36 23
35 5
26 32
-2 15
29 19
-1 13
24 11
29 21
2 35
13 23
30 37
0 31
6 12
-1 18
13 35
37 33
28 21
33 2
31 2
18 31
23 33
24 21
23 14
4 14
14 20
17 27
24 25
35 5
24 17
30 19
14 17
10 37
0 30
-1 38
23 16
8 38
36 15
-2 33
27 32
1 12
13 16
37 14
37 10
-2 16
33 19
14 15
33 16
10 7
12 36
25 -2
5 10
24 5
33 16
32 18
7 36
3 38
-1 13
3 30
35 4
35 2
38 4
9 37
5 38
36 18
21 19
37 7
2 20
5 8
6 15
22 31
-1 10
28 31
8 31
9 38
14 1
35 22
28 19
4 2
19 13
9 19
32 10
20 35
5 17
18 32
3 11
0 1
18 37
11 6
13 10
29 1
3 2
22 14
25 26
35 37
7 24
13 5
21 14
9 13
12 23
0 35
32 33
37 16
-1 20
25 2
-1 17
30 28
15 -2
27 11
20 -1
25 5
15 3
18 2
-1 21
0 6
11 38
4 5
17 7
-2 11
21 35
22 20
3 24
12 20
-2 -1
24 7
9 16
31 34
11 32
15 38
4 5
26 24
23 1
13 32
13 15
33 17
24 3
25 12
7 13
26 38
18 23
4 0
25 13
22 -2
25 21
12 14
33 27
8 27
9 14
25 38
17 22
29 22
19 31
21 17
17 28
9 14
17 -1
-1 38
16 24
5 15
22 10
4 24
37 36
23 36
24 4
12 16
36 -2
29 -1
33 20
13 30
1 10
37 20
19 2
35 1
22 27
35 28
35 5
35 30
31 9
3 7
3 20
0 38
28 4
8 4
7 18
24 30
30 13
13 33
3 4
33 10
28 6
21 27
27 30
27 13
31 23
0 7
5 18
28 12
28 19
2 -2
13 1
18 21
22 16
31 36
18 21
11 19
23 36
26 6
18 9
21 28
-2 9
33 20
20 19
37 10
25 34
36 6
19 11
10 2
26 13
15 27
-1 25
23 26
12 29
18 8
37 8
35 28
35 13
12 33
33 1
20 37
6 7
24 17
34 13
31 25
12 1
25 17
7 11
2 20
19 16
17 27
28 36
1 35
20 29
34 24
11 6
9 9
38 37
25 12
33 37
7 35
37 -2
13 28
-2 6
22 4
10 25
31 36
21 20
24 13
16 15
21 21
21 12
7 38
17 9
5 -2
17 24
8 34
17 4
12 29
20 10
4 18
23 10
5 9
31 0
22 0
10 11
7 11
31 21
28 2
31 4
25 7
9 17
22 31
36 19
14 15
29 19
2 18
28 -2
2 14
12 -2
2 33
31 38
26 1
24 3
23 25
9 9
28 32
5 3
27 29
9 26
3 2
30 11
20 19
24 20
33 37
28 27
13 9
31 10
-1 29
10 15
3 31
5 17
6 20
6 26
24 21
37 18
3 34
-1 9
20 24
-2 33
17 3
18 9
32 4
22 5
1 35
30 35
9 22
1 27
0 28
34 27
10 13
10 22
15 11
4 3
5 15
38 38
1 8
21 5
7 35
1 3
28 34
11 2
-1 -2
4 36
9 24
5 34
31 29
1 38
20 26
35 30
21 6
26 2
0 0
14 26
11 10
9 12
34 26
29 34
32 -2
21 33
7 20
21 6
30 -1
36 13
-2 11
19 14
3 29
3 30
15 22
33 33
18 3
13 12
9 8
38 34
23 16
6 35
29 22
24 12
9 31
35 35
25 18
34 28
29 1
32 20
10 30
13 11
-2 6
18 19
21 11
2 13
33 14
18 3
4 27
14 -1
2 20
15 -2
-2 4
15 30
34 35
36 35
23 21
20 10
30 25
24 14
6 -2
16 29
15 2
10 31
11 19
38 26
14 36
-2 10
29 6
11 11
11 -2
20 6
19 16
1 11
16 27
31 25
23 15
10 19
38 13
13 6
15 5
38 1
11 23
8 34
0 15
22 16
31 2
32 7
6 6
17 3
36 32
6 16
32 19
26 20
35 17
5 12
30 6
5 31
5 1
29 9
29 25
7 1
1 20
9 16
26 18
4 26
11 24
26 16
9 10
35 24
38 6
33 34
12 9
-2 10
18 34
6 20
33 6
13 30
37 22
8 5
21 35
13 27
19 13
5 1
26 31
10 2
12 33
30 13
18 11
10 28
30 35
24 8
27 15
31 24
29 28
12 21
-1 8
18 15
-2 14
9 26
17 20
1 8
36 4
36 18
10 10
34 15
7 17
29 -1
13 17
27 30
11 1
8 1
37 25
19 -1
33 37
11 24
38 22
18 38
23 4
22 8
10 29
33 37
11 28
7 33
7 32
23 34
0 34
19 24
20 6
15 9
27 31
4 13
-2 10
20 -1
3 2
9 28
-1 18
14 13
1 30
20 16
-2 26
1 27
36 25
37 26
36 8
19 37
9 29
4 14
19 -2
1 2
22 15
1 6
21 15
19 10
23 -1
26 2
5 5
1 18
20 28
17 36
33 23
34 37
24 11
30 22
10 8
-1 7
13 20
13 36
-1 25
8 25
35 20
14 8
6 7
16 14
27 -2
8 34
-1 18
5 18
25 3
34 2
34 5
15 20
-2 38
5 26
11 26
38 31
12 12
1 13
30 3
24 35
5 34
12 -1
-1 -2
29 -1
37 29
32 -2
8 33
34 37
25 35
0 17
12 5
20 32
31 20
10 21
4 27
16 6
27 -1
19 12
5 15
29 21
16 38
20 6
4 11
25 1
36 9
14 24
6 11
33 38
30 11
37 19
36 33
19 27
29 31
-1 22
-1 -1
37 11
23 8
38 -1
24 7
36 14
7 32
20 14
17 12
27 18
13 13
0 20
28 26
-1 18
37 5
18 12
25 17
30 12
34 6
27 28
21 25
8 36
-1 26
38 10
21 37
9 37
17 0
14 25
20 38
23 10
1 15
30 27
-2 6
37 5
30 18
35 5
8 18
7 21
34 8
5 4
24 36
22 5
34 17
22 2
8 29
33 9
32 13
-2 33
30 13
15 38
33 36
30 24
25 27
28 18
38 28
18 18
7 4
0 30
6 18
38 8
16 25
21 17
31 32
4 9
20 17
31 27
22 22
12 4
17 17
16 4
10 17
2 16
22 21
11 18
21 -2
36 15
22 33
38 10
26 34
5 17
5 24
26 4
10 18
14 2
27 29
17 35
18 1
6 1
32 12
31 20
22 27
13 33
24 12
2 1
