654
14 22
17 22
5 25
25 7
11 30
5 21
26 25
20 23
23 18
22 15
16 19
13 20
23 14
28 17
31 12
9 20
12 13
28 15
17 18
7 10
30 26
12 22
15 26
6 8
14 18
11 20
27 22
10 18
26 30
8 24
23 26
20 6
6 31
15 12
5 23
8 9
22 19
28 29
19 11
16 12
6 5
27 19
25 10
10 20
24 19
24 21
30 14
18 15
10 23
7 31
7 8
16 30
16 23
20 5
25 30
22 11
15 11
12 10
31 8
25 17
21 11
13 11
17 5
16 27
24 30
17 31
27 16
13 23
25 24
5 11
26 23
13 25
28 23
16 18
15 7
21 29
22 12
31 24
18 21
21 21
15 5
16 8
14 16
18 6
5 13
12 16
9 28
17 30
13 11
23 21
23 13
23 13
6 11
29 14
20 15
18 29
28 21
21 28
14 12
27 7
22 23
22 20
26 23
17 20
10 6
7 16
13 25
19 19
25 26
31 27
20 24
21 14
25 25
8 17
5 15
13 23
23 5
7 21
29 5
14 7
30 28
19 8
18 18
8 24
8 16
24 11
31 14
11 7
15 17
9 15
9 23
12 25
10 15
14 16
9 7
8 7
12 23
8 26
27 5
15 7
10 15
19 31
10 16
26 13
24 23
15 23
10 14
13 27
28 11
27 18
13 30
19 29
22 12
12 13
5 14
19 17
28 12
21 20
8 22
14 18
9 6
6 15
14 14
5 14
14 10
17 19
9 9
17 27
8 6
21 28
7 12
17 11
13 7
13 10
17 20
16 17
13 7
19 22
29 27
13 21
20 10
5 17
10 29
21 23
7 7
30 23
25 7
19 31
27 17
6 10
5 24
24 28
9 18
15 26
10 29
31 15
31 21
24 28
27 29
10 29
17 18
8 6
16 13
30 30
23 12
26 12
8 13
23 26
23 7
19 21
18 9
9 27
31 31
19 26
24 9
29 28
5 11
18 16
30 18
7 21
22 6
22 10
10 18
17 30
28 19
23 31
24 12
17 29
19 18
30 29
31 29
25 20
12 5
11 29
9 6
7 30
22 18
5 5
31 20
13 27
19 15
22 20
21 17
28 6
29 5
28 30
29 22
9 29
29 6
8 19
19 28
24 15
27 8
31 13
5 15
7 14
6 14
24 28
9 5
10 22
17 7
27 8
5 31
17 16
15 20
14 24
21 27
12 22
27 15
28 20
6 7
12 11
20 16
11 15
18 9
23 24
27 29
28 20
17 11
9 8
14 6
11 16
13 11
31 29
12 27
19 27
7 5
12 27
16 31
30 20
15 16
10 27
8 10
15 11
10 10
6 25
25 22
18 18
26 6
7 17
10 24
16 13
28 10
12 13
19 21
24 30
24 6
6 25
28 23
23 21
21 29
16 14
22 16
21 18
27 26
11 24
8 31
19 28
22 9
25 6
6 17
25 7
12 21
20 28
29 20
14 16
19 26
30 23
10 25
31 17
10 18
27 12
19 27
29 16
6 8
19 26
23 16
5 24
18 6
15 10
31 9
16 19
8 24
11 6
10 8
11 6
13 21
6 7
26 13
31 12
27 18
29 26
28 30
15 11
29 25
7 12
8 31
14 15
5 12
19 5
23 19
24 25
7 24
13 14
12 9
28 11
20 19
29 23
26 29
17 8
10 25
17 16
22 21
18 30
17 16
15 30
13 21
11 13
14 23
16 23
28 14
8 25
13 8
31 8
26 21
30 8
12 6
16 25
26 23
9 23
20 7
9 11
24 8
12 15
26 12
31 6
7 19
14 21
14 6
28 16
25 19
19 9
21 14
16 27
23 17
22 17
14 22
13 23
7 22
10 12
6 20
6 25
9 9
20 28
31 28
13 10
14 17
18 9
17 5
19 28
21 11
10 28
26 18
13 21
26 25
21 25
31 23
16 29
12 21
8 30
11 11
28 23
6 21
17 9
11 8
6 5
26 13
26 16
29 21
5 20
18 17
10 18
22 17
24 8
8 31
20 13
24 7
11 8
22 25
11 6
19 6
9 12
11 31
12 20
25 26
12 7
12 6
25 22
21 10
30 16
30 21
17 19
31 31
28 17
14 28
13 8
29 25
22 23
9 18
8 20
5 24
21 30
31 14
22 10
30 20
7 13
19 21
14 13
22 7
15 26
7 13
27 8
5 20
19 26
14 15
10 21
27 5
8 22
17 15
20 29
21 29
12 18
30 13
16 13
21 7
8 10
29 21
31 26
7 30
23 13
13 25
31 25
21 27
25 20
11 13
9 17
27 30
8 17
13 28
19 8
22 27
13 26
15 27
22 24
8 28
26 7
18 31
21 28
14 14
28 23
17 7
25 27
11 13
11 29
31 7
22 18
13 30
10 20
25 16
6 10
20 13
23 27
19 5
12 19
22 13
17 10
5 31
31 18
6 17
10 20
5 19
21 18
6 25
8 26
25 12
5 8
17 18
8 8
22 29
23 12
12 9
16 11
29 15
30 17
18 12
17 23
13 11
10 17
30 8
21 21
27 13
29 11
18 22
12 29
21 18
24 26
24 19
20 23
20 26
25 17
23 16
31 12
13 23
14 21
20 19
30 28
15 8
15 6
13 8
31 5
25 28
11 27
27 17
16 11
5 24
13 15
29 6
7 17
23 7
11 14
17 9
22 13
19 27
31 5
26 5
18 29
30 15
9 7
28 27
21 16
22 18
6 28
29 20
8 14
30 20
31 26
9 30
5 10
31 7
8 19
30 20
30 15
18 22
23 16
8 27
12 28
7 22
26 15
7 26
9 9
6 13
26 31
27 8
28 16
18 12
11 6
27 22
26 29
26 25
11 5
6 15
16 9
7 10
8 10
28 17
27 6
11 31
17 15
9 17
19 14
10 7
7 23
22 18
20 19
7 25
22 6
26 20
21 31
10 8
12 16
19 21
16 17
17 8
28 22
