47
22 18 21 45 25 46 20 29 36 17 13 41 24 46 36 46 42 13 30 26 17 33 15 34 12 32 19 47 35 29 15 42 40 22 19 43 40 21 16 42 27 29 35 16 24 28 48
-736 150 29 15 -937 399 -990 -782 454 696 -206 -524 -341 -572 76 817 -519 937 -675 392 -788 369
-98 -144 -350 498 697 140 -717 -310 209 599 -280 771 -585 92 94 375 -635 -14
16 -54 -943 662 -40 244 -172 960 -578 21 70 -481 106 480 -977 780 724 366 211 -575 -157
-977 -893 916 828 749 -458 -310 -41 -550 877 37 456 -830 -818 -31 -572 -76 921 -537 -760 -104 -151 -368 -249 -195 319 -576 -511 -384 -27 146 996 299 -257 -584 355 -840 366 -723 -989 180 16 -789 967 576
-51 132 -370 218 584 -640 -978 871 -847 306 33 842 -881 465 943 158 -650 -617 562 -486 517 -862 -512 838 666
41 -222 -763 -529 -905 -18 588 -938 696 -431 -940 12 -193 -669 -630 -63 -720 -194 85 318 -891 -112 411 49 124 418 968 209 465 736 -7 514 559 503 -477 -844 -277 -954 443 -196 799 346 356 750 -212 -251
-16 381 318 -543 -871 -442 -804 823 348 866 842 -166 -324 269 -13 -554 244 -107 -335 -68
-991 988 -144 692 829 -547 312 -987 14 847 -382 -559 917 -732 -217 859 241 187 463 501 920 790 -617 -166 521 -49 747 573 422
-964 -9 -293 44 -590 -735 153 860 612 -231 378 43 -93 -820 -545 493 -258 -144 -799 543 -214 186 420 -518 -899 -26 331 766 879 44 -692 195 339 -557 -369 -262
-180 932 714 649 601 925 151 657 -116 -616 -609 -419 104 -628 618 -524 -660
-291 510 927 873 906 -622 -163 553 -437 -676 995 444 465
514 -716 -259 -114 -581 782 -390 -705 312 533 -870 -964 420 -810 -749 281 -463 -922 -335 201 716 -956 -347 373 307 2 -169 -705 -109 -707 584 -429 -110 -137 766 661 -944 -946 -989 -496 -205
355 223 -944 -785 -172 903 192 -748 160 711 -140 -383 409 253 970 753 197 -410 321 59 -325 869 316 474
-745 439 398 -724 -615 -801 -365 -219 911 -777 -970 -754 -836 -732 799 -26 354 -470 -220 358 -910 -610 363 -852 363 -246 54 809 348 -868 861 719 674 -889 -41 892 -917 -815 747 649 684 -72 -810 -638 -36 377
589 382 137 -405 128 -990 -30 200 998 -235 522 755 600 -367 782 -515 -799 804 -939 790 -377 625 -475 835 246 234 -256 -368 102 428 192 270 -20 966 -167 898
236 519 678 867 344 -405 549 -497 882 868 500 -439 61 932 342 -607 -772 -489 771 -562 -740 -618 -144 -332 -143 -710 -892 -135 714 -878 -318 -871 72 -909 -34 -709 -923 -546 136 48 -812 -733 -531 -338 7 126
604 -136 -737 192 -439 -204 -129 88 -790 118 -43 -386 948 886 -656 130 -861 85 -492 166 -612 205 562 119 -499 673 -827 -916 -167 -474 403 893 -916 322 -244 -919 -102 -17 -75 -629 -36 -716
-413 -205 -971 246 409 417 577 -704 -549 94 -313 16 711
859 837 46 343 -203 -146 -24 153 192 -694 26 -802 -91 -696 -582 841 -347 -975 150 723 27 0 -857 839 603 219 -212 -794 585 -254
802 485 -838 -155 -148 -723 -498 -630 382 14 594 195 818 354 887 -683 -885 854 854 151 882 858 -482 -270 892 182
583 -542 -406 606 -815 759 -391 280 -753 -788 93 -546 349 277 539 -770 -259
-327 -356 526 -944 632 801 -558 -545 -651 822 -384 812 -203 -122 -34 -366 922 351 -678 -949 303 -588 -592 -372 178 -857 -55 265 23 823 -220 51 580
-976 500 73 510 -256 -346 624 884 -115 323 -239 637 670 -688 536
623 -695 -83 -595 61 -278 -731 -165 130 -993 -88 314 -912 59 916 -661 -493 -680 -61 -479 223 140 -128 874 -873 -296 -818 -977 757 -895 91 420 963 -717
-864 299 782 910 88 -353 -745 416 638 -171 731 303
-358 -35 729 -155 239 422 -68 -182 662 495 -627 -94 59 -30 -81 774 -44 102 213 60 188 287 226 636 -868 -350 758 -711 -75 581 -359 -192
-432 -193 -777 418 906 682 -167 399 -184 319 673 410 -197 366 -178 127 -624 -890 84
-121 -253 -441 902 -975 -541 808 -330 19 466 21 183 659 986 29 278 -998 330 685 40 -736 780 -556 849 647 274 44 656 322 -940 -496 964 556 320 -941 -818 -202 -848 -898 -924 -479 855 763 -980 727 730 567
299 859 -995 -369 -998 -848 214 693 -496 534 237 -746 -362 -958 177 -954 -11 -448 -440 -135 -240 -101 -174 287 81 976 -106 -116 129 -353 788 844 187 -556 -208
-395 491 -560 -965 -218 136 -287 -11 -502 528 532 -166 131 -519 831 622 445 -254 586 844 314 534 192 -636 804 -487 70 -902 -940
263 -430 162 151 476 -899 799 -158 -753 -319 715 704 293 -688 -985
-3 518 -906 522 354 357 -457 500 412 -576 128 963 -677 -643 615 -469 16 -427 453 -42 146 764 72 -825 -937 291 762 618 890 -496 332 -360 -793 248 -751 -36 -765 81 668 702 871 -324
-798 445 -637 -292 236 833 -515 -805 -315 382 -79 -942 -157 -47 -907 846 -115 654 184 105 -27 787 503 -890 -136 290 -678 256 -214 508 113 -421 -221 311 -351 -772 890 192 278 321
-614 555 -295 33 -19 706 -771 -538 930 -178 -879 274 -331 940 -708 584 618 -392 562 211 544 -208
-694 652 672 -172 -583 126 254 975 531 712 -365 -765 375 834 -355 -565 274 379 69
-525 -348 988 804 974 -602 -501 -897 817 887 698 -11 431 -801 -625 606 856 -129 -165 -462 -116 327 -526 776 -352 633 833 -38 -345 845 -111 -34 -631 -827 -634 163 889 -647 329 -516 361 -62 -291
-434 226 62 -157 -113 -862 815 -500 769 -289 -997 -793 143 816 -93 -147 -222 827 -910 -876 -337 992 345 460 -304 -179 -491 101 -884 -795 373 693 -745 -207 834 657 932 -492 744 329
-810 554 430 -89 500 -682 815 90 911 -787 -904 819 -382 408 42 629 -390 -105 883 -961 -888
549 -249 -777 -16 -788 324 -419 803 -412 71 977 429 866 160 -680 -998
-633 -335 -191 -338 753 760 594 -57 -331 -112 592 518 -102 1 -292 269 -471 -61 -671 198 761 -884 -107 549 496 631 850 862 -384 -649 -967 530 217 384 -137 -291 876 -769 911 -267 -447 -589
-669 623 -184 -244 860 -470 -519 325 654 -641 -562 698 949 -531 855 415 196 -571 -784 -866 214 51 732 34 143 212 654
730 -594 -224 243 -936 487 -963 185 -155 308 -882 -702 752 -21 -41 -827 -181 675 -635 -996 178 -33 95 -889 540 401 -284 715 367
367 -700 740 82 -886 515 -269 562 -648 -287 -577 643 506 -357 -987 707 498 -194 -493 -259 -343 -457 -854 137 -665 544 -423 368 286 -625 656 486 -268 -576 86
22 295 -886 267 966 -183 252 762 -908 128 -185 -766 -697 -444 -385 -787
-593 -719 -759 -276 36 -98 42 -661 672 -442 -84 547 -99 511 -559 -622 -466 -857 187 -589 -941 993 815 957
-603 -442 112 -907 -679 196 264 -933 716 -180 147 483 241 972 128 -312 -487 139 -816 897 788 8 693 -491 475 -26 230 -337
992 -291 -944 321 -240 -262 54 424 -564 316 158 350 279 995 -845 9 301 -933 660 425 -600 162 436 151 -936 -983 -610 -56 -364 -418 -305 -816 -536 332 -94 890 780 243 -92 -621 241 233 -600 68 284 -936 -810 -647
