46
39 43 29 31 49 17 11 13 45 32 15 39 22 29 30 49 27 34 32 47 45 14 13 39 26 10 22 14 48 27 27 21 34 13 22 40 37 26 21 45 15 37 13 18 23 39
-571 372 55 -462 -28 801 -985 604 -203 -156 -771 970 421 -687 911 -667 -639 296 350 -394 -3 -624 97 574 -487 127 -127 611 350 505 -43 568 -344 -952 -591 -490 172 -394 790
-540 -963 -336 -484 503 -715 129 530 -144 -220 644 -962 -914 823 -688 884 -683 -11 386 -558 675 886 635 311 -699 -469 788 459 258 848 -618 -985 101 -755 -872 314 46 278 562 708 707 -467 -210
330 -456 616 -679 -898 -740 430 763 309 -201 309 953 -618 927 169 -218 -994 500 -453 650 873 -108 -991 -602 421 -32 757 672 -834
-923 97 -342 -304 843 -773 -680 750 -238 529 689 -465 86 665 -182 148 879 537 369 -81 -341 -375 263 -129 -700 -469 775 -959 -856 -194 -370
-794 971 -30 -685 -102 -475 106 -930 73 916 -717 843 969 -994 495 -484 931 -353 -804 -829 -337 293 936 -48 203 -465 280 923 696 -82 -763 313 -622 919 -282 129 383 -428 -311 308 439 51 -599 274 124 271 -5 876 805
-77 -228 -935 -772 334 403 -678 160 359 -425 608 309 316 -670 -615 938 -461
-430 -274 332 -340 -155 343 -465 24 -48 139 442
-68 -653 -509 -839 452 486 -331 760 6 -359 -586 499 -729
-869 223 375 -608 -343 787 -135 52 -150 166 -958 379 2 988 190 -559 959 -898 875 -193 828 673 337 -296 -399 -741 711 -213 260 610 -287 388 400 -329 -685 457 692 -705 589 44 483 526 985 558 339
-108 -105 537 52 47 -63 540 873 592 188 506 907 -932 531 -211 29 501 -719 -454 989 -691 -15 162 -21 -310 123 522 -365 168 151 -585 -2
-675 -993 -667 -415 -916 -471 550 -964 465 843 -20 -585 -112 350 -789
225 77 -648 -634 428 950 655 875 -547 -79 315 972 959 -679 742 -816 258 -250 -624 -355 799 -797 -296 -50 -69 -121 779 -254 179 991 -835 -61 265 280 -571 315 497 547 -977
-825 -644 618 925 -757 770 -369 599 -418 480 -604 643 372 178 620 -532 -22 -464 824 271 625 -397
207 -762 469 182 649 191 207 356 746 302 473 540 -525 192 86 -260 102 -419 -802 -397 -633 584 397 -3 -637 978 -594 507 539
-651 419 181 -595 864 -897 586 114 578 843 -94 973 -407 808 -311 -205 235 -1 -387 479 -121 51 477 -417 772 -186 726 147 479 884
-310 732 962 -441 -649 308 628 -151 -408 -672 -86 902 303 163 -538 -199 767 -786 -944 -724 952 303 327 573 -74 -482 -559 -499 197 78 -307 -977 -907 -253 -573 925 -75 -894 973 798 645 -8 -754 37 239 -851 -880 -636 -149
405 84 -754 903 845 134 941 211 -765 320 -182 688 94 -652 -785 619 575 84 545 -361 786 -209 -286 573 -374 636 -914
21 785 528 962 297 121 987 856 -946 -370 448 -382 -674 351 -158 254 795 -252 144 184 -313 7 -495 -561 -709 -581 -1000 560 -382 -115 836 -92 -557 -331
146 858 242 -299 921 701 660 26 303 -655 177 84 -984 -725 797 -549 544 868 456 -446 -141 818 81 875 -679 163 -387 408 -927 956 542 -808
-461 -865 33 214 993 -798 -174 -570 267 -825 -663 409 887 -897 552 92 -551 -585 711 -852 264 750 101 600 518 544 -811 534 933 -1 -259 45 -682 -601 -924 -284 354 -493 -533 612 252 -314 929 -813 859 270 -415
733 -618 -981 445 -475 -170 879 -531 868 -203 142 -449 -574 383 -468 -416 -872 -126 176 -793 339 286 946 814 -422 626 232 -113 527 288 380 -861 -445 -102 437 -942 183 597 797 -645 640 -830 443 -80 610
-251 -353 -290 917 335 739 -811 650 302 -271 -449 -973 987 844
502 166 -951 341 -334 -967 469 587 44 -69 414 265 -797
495 -806 -567 -912 -918 653 -349 -165 362 -553 -956 -694 739 861 -718 -219 -418 936 -814 623 659 -793 -251 -936 -692 -741 94 856 448 -324 -215 291 -582 -36 -236 753 26 -686 63
-405 -365 35 -232 999 -549 -59 975 23 -801 483 -336 -947 99 697 654 -59 236 139 -757 -479 110 204 38 137 -703
491 90 -844 -329 780 988 83 501 796 874
753 448 -455 -772 610 81 -599 -604 -240 -34 -851 -449 877 731 903 -722 4 -881 -314 -200 658 176
845 948 202 -854 88 985 446 891 976 94 -967 669 942 164
-113 -343 392 -635 -951 -212 -978 955 -170 106 -779 3 -180 -219 154 -167 613 610 431 -8 -929 699 -175 -110 988 968 280 562 -70 -240 300 -755 823 -570 601 -939 247 -854 17 -81 899 135 765 -939 880 304 -190 304
-431 16 -868 262 -266 -181 563 -305 561 -367 305 -665 542 -834 -417 -62 -140 844 -492 -376 404 365 520 -919 811 -229 50
44 428 146 -736 129 759 -211 934 347 668 -423 368 -392 -759 511 624 55 -355 -499 157 336 -908 873 18 851 -428 -852
390 27 480 -904 -739 350 273 517 108 -43 424 748 -597 516 -464 -332 -283 -604 81 828 165
-987 -483 343 -860 543 625 922 432 -621 159 -248 -114 56 -860 297 125 -773 700 -583 585 -26 -611 486 128 -230 771 -939 526 443 -76 638 547 408 733
413 -829 -21 -114 -695 277 682 -324 569 13 -944 -896 303
-660 -875 -262 -596 209 -217 -992 -475 -718 -691 -696 -329 -218 -247 -55 -217 -869 -230 546 936 877 -534
-683 -643 54 111 -301 357 221 407 830 -404 147 894 -752 733 218 944 594 420 -960 -478 -282 323 -888 -215 888 -47 636 -68 -326 352 239 757 -580 200 -932 985 104 -469 -796 822
72 -550 -489 -815 -22 -565 -389 -696 607 19 -252 91 263 -879 316 959 86 -82 -227 763 125 515 -684 238 119 200 -245 -792 303 847 -107 449 686 407 544 -843 -252
-369 -495 -525 395 -167 150 -117 -500 867 678 254 472 -363 -309 288 -903 -628 -777 -625 -949 -818 164 62 521 519 -351
-591 -741 -135 700 -759 -891 -375 -515 596 484 -872 425 641 78 -754 -299 987 195 704 84 -290
576 421 -425 -113 719 171 670 713 926 -876 -795 675 -917 444 -201 -23 -563 -66 -598 -864 854 719 831 531 983 -139 268 -628 210 718 -284 799 -137 -240 872 -631 -973 -472 745 -607 -576 523 -916 -288 -705
48 639 186 -137 137 -440 -344 -857 -260 225 -130 377 863 780 256
264 -373 616 -332 433 -642 -793 41 578 -392 -602 -435 514 -33 692 -63 -579 -821 -652 -701 -490 106 869 -599 245 15 -903 -235 262 -55 -927 -125 744 -228 144 -80 95
537 -253 347 -550 754 32 -634 908 -986 388 -364 -536 -524
-78 935 84 -949 -409 -370 735 -650 118 995 -694 -166 886 284 972 865 -941 594
98 -121 -83 512 -608 376 55 122 244 830 -970 187 -945 686 -545 -389 -189 -322 20 -318 -480 -168 -77
-14 -13 241 -464 -238 339 201 218 -159 -37 -632 -348 -479 155 384 -615 -303 412 16 -629 554 375 881 719 651 -214 877 -742 -690 687 422 -316 -621 766 -46 362 -540 -719 -96
