21
40 11 35 15 23 26 17 37 36 15 34 46 10 23 18 50 31 34 27 45 34
-657 998 178 429 112 962 -498 -821 -157 -152 656 717 -676 852 -412 -566 -793 889 272 825 -446 -174 579 -427 84 -380 600 250 72 413 654 603 685 -357 447 846 -845 -559 902 415
-448 -648 796 505 -420 -126 -424 -361 -200 -904 399
-840 -286 736 0 -371 -302 -260 548 -882 849 544 540 -875 -84 290 690 -903 -283 -539 183 104 -88 -329 762 -174 997 833 192 434 741 913 -78 811 -985 -539
637 175 -921 -941 -606 -221 81 348 -814 -678 814 -426 -963 909 911
-844 -966 -43 -522 550 290 -880 -591 163 -317 -195 -193 -179 -50 -478 -912 -690 -794 153 -213 -516 587 931
60 -148 811 28 -825 773 929 903 -744 77 521 -332 -411 349 -881 843 127 -328 -560 50 -705 -919 327 -486 -365 511
385 53 -998 718 -737 -296 12 -233 -194 867 298 -757 637 633 -307 59 -318
17 982 369 -831 1 954 -429 968 874 -72 182 -112 -530 422 -171 -541 -724 -289 72 -685 -673 469 -714 303 277 -774 546 -887 -207 -321 997 435 110 -991 484 -650 456
-183 -320 555 -491 -592 -370 386 244 -815 758 -481 -359 -26 531 -803 -854 71 -322 588 249 986 -371 -1 -733 457 230 924 -412 113 -105 238 -612 -271 -635 708 115
381 -685 269 -697 5 -109 -697 -285 -356 -886 -536 -135 464 -911 568
-558 -842 -36 90 -117 305 -137 -453 -189 626 -643 337 -740 961 74 -581 -120 276 -654 392 330 101 331 -96 685 -359 -943 394 -628 719 -682 395 -603 763
55 -545 -380 300 -521 859 273 -419 373 862 -552 567 307 189 352 253 -265 298 413 993 148 -747 843 -255 -505 -898 -14 395 878 -262 651 -314 203 336 -689 -494 -414 888 562 -869 671 -345 973 -481 -848 837
-419 680 477 508 689 -576 580 -700 -36 -160
117 -977 666 -59 -998 680 -459 769 -270 -695 810 -39 148 905 569 982 399 565 -873 767 529 680 -88
325 279 -348 -706 -957 985 850 588 -401 297 215 -68 487 -457 657 228 418 532
491 801 521 -968 -303 71 328 430 -827 -720 867 -692 561 288 706 -332 -21 957 -505 -67 26 434 241 437 -35 -594 83 -919 345 -99 -543 446 -465 69 975 969 390 -926 -23 908 538 382 -673 -203 -737 -683 978 -106 -713 -60
685 789 -655 981 108 -948 637 -811 942 -632 947 645 -278 -325 -288 824 249 -543 473 -234 -638 424 -307 -539 855 166 90 175 848 -856 526
-248 855 -177 241 231 -535 -549 749 827 737 -698 181 -206 559 177 -67 802 -514 966 109 319 -860 -31 384 338 327 -565 780 102 -696 766 -888 535 -700
-1 51 -745 -340 537 -690 -924 -874 -647 -162 -762 466 -291 -650 957 -188 272 -25 -732 388 920 -284 368 649 381 -643 556
782 850 -713 43 368 109 -845 -385 447 728 -875 -321 -277 -943 -874 -962 -412 -715 -849 -841 -842 580 689 -866 544 62 59 -174 -968 -69 -108 -713 -77 848 228 -33 261 599 -250 -823 775 756 -536 -454 383
-932 251 -863 -625 -649 552 521 -351 578 840 346 -858 92 170 639 -694 -648 467 603 -465 43 770 -324 -920 883 44 674 -634 658 -737 -124 -239 492 418
