46
28 49 47 37 39 27 10 49 13 13 41 47 44 19 40 35 39 24 10 41 37 36 10 19 30 34 14 44 37 21 35 39 46 22 22 42 50 32 20 29 12 45 28 12 48 38
-172 -46 611 -512 580 426 -676 760 951 931 455 72 -468 866 943 -35 -859 202 -591 -406 -528 -975 325 316 769 -915 -12 -89
805 -930 827 -804 -632 -591 894 -411 865 633 710 500 -419 -373 -237 137 -107 656 365 -907 -770 -634 803 856 -446 526 -69 700 -946 864 730 892 -176 -334 -471 -768 973 414 111 -967 860 157 491 -291 -70 753 -44 -318 364
-625 -666 -523 189 -587 552 -516 -72 307 455 823 -60 -41 350 971 -192 841 -915 -905 455 869 -885 -265 -762 -190 -65 -659 -284 722 281 698 130 276 109 -758 -288 -12 617 -23 509 357 -226 -152 339 -178 -636 -416
-430 500 -44 667 150 -420 -601 -637 -77 -993 388 -201 832 33 971 -609 -234 -531 793 -81 658 344 -322 -434 -279 -692 -611 -685 -201 434 715 -89 179 -843 -201 733 416
-609 -890 772 -351 -422 -131 710 756 912 -84 -160 -235 -254 924 -225 -608 278 -749 576 -624 587 326 -644 220 863 368 -693 -625 -559 -617 151 330 230 872 -429 711 523 635 609
-133 -624 -326 -441 -799 603 -990 194 -422 384 -224 -633 -645 -5 -15 947 -866 472 83 786 733 431 834 958 -657 743 403
-705 758 -825 -337 -925 -410 342 73 -865 371
691 13 438 -714 415 -229 -421 182 302 -603 728 -2 -577 -307 -364 -800 -48 888 225 313 498 -913 -966 2 -629 152 -477 33 -12 -682 809 368 -531 420 912 -496 650 -496 -116 -619 -143 -161 145 -781 807 325 243 179 -763
-731 -445 368 988 436 -336 261 -407 -36 557 417 580 378
23 -357 -195 -949 -646 769 850 513 695 715 -954 213 352
149 -596 -593 53 -399 -941 967 373 -77 371 245 567 875 554 -487 349 517 -441 899 -352 279 -663 261 508 -289 -9 931 141 471 430 690 438 -1000 696 294 -580 -59 -495 974 -925 -195
253 495 -436 301 -633 786 162 405 -331 624 -785 -863 -407 525 -915 -521 -742 174 810 -110 812 -401 565 -201 546 686 -575 340 -281 -914 799 98 -794 -569 22 417 463 -835 51 395 858 -898 -754 -632 679 973 644
-910 467 -555 -17 121 -338 343 480 -63 949 687 -607 794 -98 -548 666 -572 83 -486 -36 492 -663 -946 137 -109 666 -737 673 -916 -373 778 -533 669 -543 116 -700 -184 -655 -511 969 939 -371 859 -146
243 680 138 563 -753 -162 -991 129 696 951 -52 147 28 -32 264 423 797 848 -590
109 -677 582 -98 -663 138 609 -626 -694 -650 168 586 152 -316 562 459 760 922 227 672 427 185 219 -581 -616 -857 -203 105 -229 345 -786 986 -73 -664 -713 -425 -319 -349 -327 382
226 -581 739 -976 578 484 -777 -165 -137 -623 -767 -845 -878 652 -831 -521 -990 732 -133 213 585 -729 630 -393 201 -445 -110 463 249 -776 483 748 -450 -441 401
681 -576 -707 524 332 56 496 -39 -560 656 975 -191 -636 -377 -335 -496 462 -830 477 198 -584 -824 -962 406 -958 -827 637 -577 334 534 750 -821 873 191 -278 -780 137 -420 -808
-737 891 859 -890 114 -450 227 629 54 -294 575 123 -773 -298 -744 -495 11 -30 983 -992 -800 -749 614 -856
-271 441 70 -824 368 290 -623 332 569 -53
86 -576 698 -394 20 977 -112 -779 -718 -952 -808 -908 950 -184 -526 -680 -929 642 -400 160 -536 -340 661 97 -715 452 -215 -995 -549 365 -855 -501 305 -827 738 891 -209 242 41 -799 874
793 461 43 270 -990 -561 -172 11 -737 910 -3 484 -12 894 88 983 -886 246 112 -776 330 748 -327 850 825 -745 -520 -295 872 658 189 -341 -251 -638 114 -660 -628
-99 -174 971 491 536 484 171 552 -976 836 -11 -334 -361 -904 204 -891 415 633 365 -94 170 266 -976 -748 -595 -903 -851 -387 576 742 146 72 -974 -420 -125 591
-622 -472 -991 -734 368 624 -233 121 -89 737
30 -728 -756 154 -859 -580 -21 446 114 82 800 -574 -869 -498 -659 57 199 79 173
507 901 -756 -754 10 -891 -180 -341 968 -261 -231 79 -19 -427 591 -381 -705 -489 -949 -305 -393 217 -391 662 647 112 -817 -338 -928 -685
-372 731 267 -283 -583 -994 -773 722 949 -407 288 -563 -352 391 914 381 -418 891 142 680 640 694 886 -877 999 -245 988 793 -45 871 464 77 596 -867
-644 319 -94 719 295 -220 -52 -762 -545 335 902 0 -64 -569
418 -619 488 -572 467 351 -135 -205 534 104 -217 -279 -856 -291 656 729 424 227 127 -594 316 439 -196 -340 203 -754 817 358 -356 -283 659 -285 -5 815 250 -379 -511 662 304 -442 350 -842 -555 806
693 -768 -164 771 -855 498 -57 275 877 -482 348 -645 320 -245 633 233 -586 -271 -980 -38 -100 96 428 -920 -290 459 240 -977 911 8 -596 637 -290 887 684 695 -813
-324 -933 415 -11 -838 296 -788 911 -625 275 814 15 420 -698 -95 907 -435 -323 -688 -535 -947
68 -522 -846 -876 -192 148 17 -743 741 983 -401 761 449 273 -228 -298 -961 124 -543 -533 -49 780 969 323 743 -185 -235 557 -532 -128 -576 504 47 844 515
587 665 -650 -755 -590 441 127 317 -912 -323 915 518 463 -203 867 -599 -128 -291 -273 -182 -658 782 -560 -824 -621 853 637 555 -106 -900 311 -825 230 -693 666 -63 -119 -644 840
454 -172 579 -388 -334 733 513 355 -601 -449 -9 210 331 -335 720 -215 139 273 -555 -169 959 516 -634 683 404 -562 -780 773 -463 157 140 -514 119 953 -312 -228 -954 -612 -30 406 442 -363 -690 -828 -760 258
-699 839 436 909 887 -87 234 370 408 -396 76 -651 701 737 519 699 -107 -733 -582 141 243 -455
851 762 102 611 -479 128 -374 996 -883 612 215 272 187 -235 218 -235 240 11 -381 -244 -904 569
26 -354 -993 -426 749 -466 -485 -14 656 827 -813 510 204 -933 -437 124 -144 199 556 664 424 -467 358 792 930 652 13 -104 -81 243 -188 331 292 -448 -422 705 855 -435 458 789 731 346
-561 -838 879 539 850 647 364 -233 -527 -351 -167 967 -112 -795 443 -681 -577 -696 -694 863 464 5 816 -105 485 -790 -693 -483 227 897 413 495 925 508 -569 23 -325 467 767 448 735 -964 131 -2 -743 91 985 710 -276 947
-137 -448 -561 -928 -57 -284 -17 835 -18 -9 -428 953 -507 449 -684 748 -454 -869 232 -834 106 198 -14 -797 -172 -296 -653 207 23 569 -578 372
186 897 -158 -975 -905 -64 291 -140 559 -548 -861 74 728 771 -214 -311 -826 789 452 -866
278 970 630 516 536 -413 -767 843 18 -905 668 -679 573 658 -625 -671 -877 -211 -768 -828 561 -347 86 -795 -424 558 -195 232 268
-299 66 -204 504 -127 839 -102 -409 -301 696 -913 912
236 -696 -378 282 833 759 -134 964 -126 128 -276 -95 278 -566 806 -420 -25 -876 -445 -453 -369 -589 314 111 -267 -932 412 -512 -910 89 -311 -888 -335 223 261 981 -557 424 436 -16 -952 -971 -410 412 -177
700 768 -362 -772 -331 400 781 564 637 -463 -108 -969 318 -994 -972 326 -32 -589 -424 -28 -512 -178 106 387 728 975 320 455
-847 -1000 121 -260 251 -766 155 -322 -426 257 -292 771
170 -240 446 556 325 -117 140 6 987 -633 36 596 649 -921 395 -441 299 -437 -344 -298 -937 878 905 378 -400 -234 807 -864 -445 810 508 -311 802 200 822 43 500 -218 -366 -915 654 -722 65 552 -213 376 483 456
301 -943 826 -994 484 -103 -548 -874 124 497 -962 -719 447 247 196 818 -243 -149 683 38 -113 -307 -984 554 945 -141 230 -665 -870 748 609 685 -804 -282 -626 -505 512 -330
