40
37 22 30 49 32 23 37 21 31 41 21 47 16 29 19 38 45 35 28 39 24 36 17 44 50 44 30 43 36 42 35 31 13 17 11 17 17 30 10 20
978 328 329 181 916 556 346 281 178 -898 -35 88 -841 -631 -442 -524 -247 941 -173 576 -717 912 -414 -430 -425 -369 -269 504 274 -566 925 -321 752 -466 -435 4 351
-390 -126 -351 334 814 -673 843 -712 205 808 -677 150 -297 -587 -143 -351 -314 851 -453 444 -48 -822
-211 -463 14 -894 -266 -51 410 303 -631 -326 65 318 847 228 537 -248 862 605 -903 -135 -623 905 44 401 8 863 -650 907 779 -710
712 307 644 -816 960 -306 598 -591 38 92 -118 -265 854 126 172 -692 236 -327 -404 -628 406 -812 439 -7 982 -199 -787 334 -877 -552 373 -899 927 -458 -753 86 -998 -294 -818 -132 680 932 491 595 -709 -984 -151 282 -819
-808 -5 -633 -504 -491 -82 626 -795 -578 538 653 590 -477 -9 292 130 610 -554 947 -799 -578 944 839 795 -255 413 -215 505 -717 -199 321 802
-784 300 445 121 189 258 501 824 574 -989 -419 -944 271 -247 -377 -359 -612 669 -801 43 851 286 906
341 -293 -974 -848 -759 -607 865 777 943 -958 902 601 -6 374 642 289 200 748 -30 -176 205 -464 -967 428 -814 470 1 -331 623 -793 755 119 -225 -7 583 102 133
-539 -936 -512 188 -340 -209 151 315 -594 -736 -576 -938 -485 343 -444 -248 658 -53 -71 -53 445
408 -147 -455 -270 891 -825 740 -277 423 -409 -317 -134 -538 -341 267 948 -232 340 701 308 665 41 596 -271 -720 439 297 859 -732 -385 -524
-66 -405 517 287 714 -65 218 -325 90 459 -712 -646 -945 -38 -691 -809 -215 -93 -384 -141 -589 -130 866 729 313 -41 7 -732 355 801 276 911 907 -196 968 376 -363 244 253 -377 -726
-936 316 -725 -52 -489 -357 -26 952 -457 217 -647 847 696 806 -516 547 -425 314 -147 780 843
-697 200 562 -369 -984 297 -514 -158 790 -257 234 132 520 829 -663 -199 -72 882 -912 315 93 -560 -876 595 -379 -849 -741 -316 -969 28 -184 -838 -262 -102 -618 132 -815 -184 834 76 -889 -188 802 -509 106 358 -917
473 -1000 -758 577 103 -870 -105 975 -444 648 -301 -967 758 -517 -573 -12
600 997 342 -608 706 123 -691 -756 -896 766 870 402 348 -611 545 527 -391 892 983 589 -592 -406 725 93 -374 44 -290 895 -136
-503 499 764 -18 932 -45 192 -967 -858 -358 5 -801 -79 116 -897 988 -416 677 -364
-351 406 -681 -949 -202 310 -286 -483 323 979 -532 -26 -323 -694 -841 478 233 526 701 146 1 -241 990 615 -922 -376 -980 911 -128 246 -265 678 -75 -53 820 -251 -52 320
-96 -149 915 234 946 209 -243 -57 -589 -314 -281 66 160 -951 262 934 639 160 -756 -985 147 -277 622 183 -993 529 609 601 553 -821 888 64 388 13 557 421 599 747 438 900 -601 458 -125 -210 -145
-919 -506 262 616 553 51 -642 -304 -604 9 -960 -661 979 -194 -217 -181 -914 143 -111 73 980 280 -847 804 756 -879 -580 -914 -944 -470 -6 414 -719 -267 673
466 127 -27 540 873 590 643 -863 635 189 346 -447 -854 -990 256 564 -355 -461 -774 -791 832 -538 -580 817 518 730 62 682
551 -527 -410 -912 229 301 -984 -188 356 737 -816 554 20 -358 268 235 494 577 -493 -733 164 -901 177 -357 -227 219 147 -406 417 792 337 924 300 674 998 847 -293 -203 189
996 -844 -49 126 -877 449 -564 58 -89 389 -564 -34 -453 -197 935 -275 250 740 -377 -364 80 934 -880 477
-296 -970 317 231 871 426 355 -783 -866 169 -697 384 459 411 785 542 236 -648 70 -380 -831 230 946 669 904 422 -666 -154 880 779 -927 271 897 -514 581 748
-594 -339 719 -111 -442 -361 798 -296 -35 624 -225 -373 655 -943 -422 775 896
-768 -399 78 -874 -524 -542 89 255 -137 500 -803 592 -961 149 835 -118 898 86 -562 -186 -478 -302 -242 -857 -102 83 -961 687 -367 780 -595 -684 293 56 -255 -906 795 -916 -892 202 -363 -692 638 -528
-871 500 -789 896 447 825 585 -473 -139 751 95 -889 246 107 295 966 -637 -27 370 -234 475 -430 -91 -673 312 326 295 -411 172 907 679 -622 307 -742 -192 981 861 -765 -279 -984 386 389 260 439 -83 40 468 -595 -910 -551
819 -206 8 314 267 676 71 681 -435 839 40 -890 486 -193 -828 204 -914 -192 -888 978 -667 917 -91 404 -907 -466 339 649 -554 615 329 -726 -446 -38 -636 -594 896 178 -976 928 593 -735 503 -799
-282 22 590 742 853 -750 30 53 -758 -45 665 -817 -693 919 -430 -925 93 267 -308 39 -338 -189 -783 -934 -599 -485 -960 -385 -820 -179
216 920 791 934 505 632 -791 598 624 -305 -875 -784 166 -795 293 -363 -396 -69 -649 413 -990 568 -299 -436 -386 -253 331 -925 -914 764 -852 -522 486 -843 233 227 -592 440 455 613 606 334 -569
941 -282 -801 359 -161 349 114 -828 302 578 768 -189 -815 135 -535 771 17 15 -931 -90 719 -277 -692 299 -13 568 28 -907 633 92 79 -817 899 90 871 27
792 461 954 402 -729 668 17 704 -220 -280 525 510 -421 -819 384 335 -88 -447 -448 970 -479 -1 -149 776 427 575 415 -129 -409 -643 904 588 805 210 -854 -78 -833 -622 -854 -973 791 398
-900 387 -278 -200 -541 -307 -141 558 -265 -458 75 111 -60 -545 -711 -617 -704 -307 -816 999 -663 -768 559 -306 -671 865 -134 337 -106 299 -582 563 824 487 783
21 872 -565 -907 -88 -191 159 548 -361 -74 -14 -163 -89 659 -962 -681 423 996 -674 -98 -348 -645 -624 427 815 -852 675 -615 858 -677 -978
418 559 666 -137 -13 103 134 -551 40 474 -881 -967 654
-740 210 311 -867 429 79 -173 -241 740 146 -691 -472 132 -472 901 -149 803
621 -432 -149 214 -736 52 -707 -461 -621 -419 48
319 -193 -65 942 361 -253 172 -12 134 -324 769 -602 -531 279 -490 695 371
629 -580 448 434 -525 -135 106 -757 -757 -635 -844 -414 547 995 645 -689 -237
241 -156 313 -499 -586 -840 -537 -724 -244 -786 -228 -972 -15 493 -131 -230 109 266 904 -764 -675 -385 719 -722 401 -59 -288 567 -790 -318
-71 -180 446 -743 -813 676 -210 385 -511 255
-396 -468 517 687 -4 -728 832 197 -462 -529 736 -621 -62 -854 764 -893 104 317 -498 806
