11
19 10 30 41 30 11 10 43 25 16 37
-932 -150 421 -376 -228 846 564 -490 -220 -869 162 -86 992 164 -142 -468 -109 -638 -609
625 311 36 -648 -459 -359 448 363 -958 -287
-430 986 275 671 -39 -299 616 777 -252 -827 561 -609 308 -967 -348 -302 618 -225 193 -169 -667 -251 -565 132 -912 612 240 649 -307 -721
508 587 -807 4 174 72 -676 -738 68 -72 524 588 422 483 -471 632 704 -644 -523 874 869 164 357 -844 694 -691 -257 -270 571 663 -908 -229 -44 980 308 -897 -680 584 709 985 529
-724 -36 280 831 -226 884 411 575 -94 -325 -106 -357 -590 -669 -88 -334 -260 -750 -600 -485 284 -834 -742 318 217 72 995 738 -949 -20
499 63 108 -196 -325 -895 788 -33 160 -784 -396
-709 -480 284 740 -234 608 -210 351 -40 -201
-810 -416 -860 -203 851 9 949 819 -979 -416 580 777 -488 -774 994 -205 836 -536 -678 -397 -155 -701 -778 -568 657 -910 -151 -17 284 249 655 -695 178 -63 -587 -457 -171 445 683 -989 -137 560 322
322 195 805 200 228 960 926 544 -27 349 285 713 995 642 -748 -290 -66 907 -496 73 -399 63 -326 -606 -238
597 -625 960 -532 -633 -565 -425 274 -884 802 235 8 -425 704 -436 3
48 -388 409 759 -845 362 864 -109 -593 -380 -561 156 -113 -399 703 487 219 104 957 982 -835 -866 -870 600 -475 -830 641 -25 -592 570 371 570 881 383 -687 264 -220
