34
39 21 29 21 19 13 13 21 38 19 36 36 17 45 10 47 41 30 28 27 28 50 34 34 22 50 27 27 47 29 10 46 14 25
-445 -536 730 619 77 -351 -968 -865 -792 -278 139 -332 -150 -238 561 51 438 926 -205 215 762 -274 451 111 511 32 -344 -741 739 912 -150 460 917 237 257 -887 621 -256 748
602 -393 -586 -132 370 468 629 -38 784 -961 359 238 -297 727 27 -355 244 -545 -170 468 -212
416 319 102 -520 -601 884 -884 557 -318 762 246 23 -82 -186 796 -172 987 264 117 263 137 658 -639 57 -308 281 54 -199 -228
-135 -494 354 -318 495 -500 -269 758 -864 271 995 60 -975 912 18 432 764 -350 -322 -121 -897
864 -100 926 -285 -227 -115 -935 -367 622 997 895 950 -62 -242 594 -29 441 -323 895
599 -918 990 -245 579 851 229 -592 -950 946 -124 645 -482
897 -995 109 -942 508 -478 435 744 242 -738 809 -736 -79
181 -590 711 673 46 -696 -436 -850 567 -994 978 503 -804 547 -768 -721 361 -247 -39 986 324
152 448 -113 946 893 -366 87 892 321 -467 -7 736 -645 903 176 914 772 -877 628 953 -828 285 -416 937 -520 141 536 -999 417 168 603 273 202 588 794 -467 150 21
-255 975 -221 702 -769 -352 372 7 869 -584 -48 863 -752 232 -482 27 203 918 85
-837 -342 -872 884 -506 366 -499 645 720 771 -803 -899 717 128 877 -152 460 944 -701 -128 -678 153 -988 -266 -728 -559 -333 -137 969 -924 820 972 68 466 702 78
-516 -758 460 658 -970 715 5 -748 32 182 859 -828 499 32 -917 -16 203 -805 937 569 -466 -456 750 216 280 -282 -536 231 277 442 85 346 -75 -631 -36 580
910 -990 -11 -355 -640 -95 -716 -407 771 235 -390 501 -966 -264 -222 -572 486
367 -886 -968 -730 -70 -40 -98 479 415 685 594 -584 167 343 168 159 23 574 713 226 -836 553 283 245 878 630 -517 600 588 401 272 200 410 -125 661 -974 765 -249 -874 487 604 -354 -607 -148 9
734 -600 626 -36 -270 992 444 843 736 805
287 -176 847 -67 694 -213 -1000 -593 -985 311 12 -212 872 214 724 -446 -893 438 99 -425 -887 794 -574 559 422 253 143 -362 288 758 49 -847 726 -481 577 242 -101 666 -641 -325 -210 -998 -541 23 -125 733 -805
-122 10 194 451 750 -523 -119 962 -133 -937 -477 -908 -500 -111 118 120 1 -537 812 994 738 104 -875 447 -336 960 -192 965 760 -161 440 -759 389 -141 -184 377 194 517 -993 -138 -796
-9 -666 707 -259 255 -852 719 -675 -349 747 -22 -994 -534 104 960 -182 -834 -394 14 -465 531 -31 -327 -449 217 -629 406 -580 -927 -98
-726 369 908 -380 -940 776 171 8 -194 -479 -233 627 860 587 -692 160 788 213 881 210 662 -441 634 -566 693 -860 729 450
140 166 -517 443 -808 -896 312 -20 577 -680 -464 416 528 683 -958 673 14 573 -301 -371 -38 -88 971 379 454 770 460
-26 147 -528 -190 658 483 862 -911 -700 605 374 823 -703 -656 489 -209 -452 -328 524 -556 653 -744 -146 1000 -37 -806 -666 530
955 -476 803 646 -513 -611 488 -281 -472 798 787 282 -111 840 -113 921 995 -501 292 -285 -725 -2 -228 -863 -771 302 403 515 -746 451 495 305 -273 -393 -262 912 445 221 763 929 -956 10 529 -938 380 -836 510 841 -795 -825
-528 -386 24 -968 479 -764 -243 36 -176 -191 -137 629 -752 -18 150 677 230 -227 -156 -328 -884 725 -229 -668 261 362 -396 -618 459 352 -31 -519 50 259
456 -938 403 -359 -544 420 165 451 655 -54 442 650 835 -929 -787 -460 654 362 -473 585 -789 -758 -130 829 722 727 198 -148 47 519 -696 863 678 158
911 80 964 994 90 -540 454 -880 -981 373 112 -266 743 -642 936 39 -240 -144 -233 -545 270 642
245 -447 930 251 -731 174 450 636 430 -550 -385 -202 951 284 550 902 324 360 472 314 549 815 -108 -496 -689 -403 -68 331 255 364 461 255 -774 -108 760 -192 -786 -643 -701 173 -803 202 421 -919 -388 -894 647 -149 503 -819
-177 -234 -579 469 353 -723 899 -396 -481 -736 825 60 523 -599 743 -152 -122 -143 160 283 1000 -773 -237 -265 -468 -891 378
615 -271 647 -867 852 -510 52 -955 -584 668 375 13 -703 231 810 797 463 100 -53 248 -782 -507 887 566 430 612 -618
154 632 -53 298 927 -975 -729 913 -344 967 184 -959 -174 -397 -812 -268 -276 978 625 -363 -676 906 160 -599 197 -392 -523 163 -108 -132 -611 278 899 298 -243 -232 -419 -171 210 -26 773 -291 -162 -865 421 809 -982
901 -680 -880 -548 331 991 -71 295 -972 -342 -316 -523 539 -915 850 155 48 -735 -264 716 424 331 -142 639 -522 363 948 -131 -549
349 -966 -500 -50 -260 -124 820 547 -219 -226
-794 -9 138 101 -520 -881 -15 -689 -371 756 -346 -1 328 -448 -475 -341 468 644 454 646 696 -929 351 -60 -324 412 513 219 -671 -730 640 244 632 826 420 947 -944 954 655 -63 228 613 129 824 -391 -830
-702 216 -582 -701 70 414 -438 -766 913 990 -268 -165 -729 287
759 -575 -813 -145 -248 -995 246 723 -515 328 -542 -874 661 482 -24 -482 571 561 222 -319 905 -914 -74 539 460
