28
28 44 48 21 26 12 30 23 28 11 10 14 39 42 36 31 13 12 12 32 46 33 44 18 24 17 33 34
-979 44 -208 337 -890 777 -429 116 -858 -380 -772 -938 150 -495 -223 640 -212 922 -643 -850 355 188 -714 -138 933 -669 -429 -590
-492 969 526 -836 -539 -600 963 -974 207 433 158 -389 338 808 634 854 34 -373 308 265 290 697 965 558 43 58 484 -876 -245 -916 -606 130 831 416 -455 -343 125 -482 676 -484 -648 184 -506 -740
-37 920 -48 -382 -3 900 -2 -143 401 -251 -884 -698 634 -46 -430 992 -797 -483 846 -175 755 131 427 272 -810 -430 577 531 706 721 813 996 428 -663 -415 -595 9 -965 -588 -7 239 -172 734 -592 -768 179 149 874
-1000 -214 921 -735 857 -130 285 781 -138 708 -873 743 -211 517 763 -626 -715 -94 157 -430 -287
857 592 -791 274 -737 216 850 -866 -831 -730 56 -651 -645 838 -875 53 -802 -348 -219 781 -597 -312 203 -500 945 160
-311 138 694 -695 -368 525 -325 -59 894 -709 -74 -940
-201 266 254 964 228 -530 -823 771 -757 486 559 -956 561 -742 451 838 -541 744 -856 -809 -41 -64 979 -986 -988 -19 -51 37 387 4
-477 386 -836 -730 -182 -306 755 446 28 358 569 27 369 -489 -216 -979 500 838 -856 266 -285 -883 -661
177 -861 -976 -597 228 -95 -785 482 220 668 -871 -497 954 -334 9 239 -185 -91 -800 -200 -670 -193 351 360 409 -315 833 -509
-843 -487 985 6 888 -601 109 302 233 600 -879
500 847 664 -221 807 -385 596 -2 -222 -168
765 247 -246 583 53 40 -129 -99 572 -298 35 941 -23 -160
776 406 590 623 -775 -410 743 -847 739 244 -100 398 -211 602 264 -81 -73 827 -420 808 -106 274 569 798 -721 -824 -355 769 -552 -157 54 -509 -752 793 682 319 -14 -839 -591
-254 267 74 740 450 -144 833 -304 950 751 -7 -736 227 201 972 526 -832 454 -611 719 -993 -320 325 402 -682 -904 -412 -292 -213 -382 705 -374 840 -3 -304 -441 -963 253 -307 406 781 759
-615 896 -265 75 -290 431 670 58 930 997 651 -866 545 -852 995 782 790 371 859 1000 -101 -13 -104 -679 -471 -278 -46 -359 -818 310 688 -909 511 50 -965 -456
-954 475 -1000 -204 -641 297 134 -492 -635 579 -32 730 -38 -92 203 -724 -56 967 -500 115 -342 119 -399 -661 -366 -458 -826 -920 740 242 580
-354 133 -980 57 -717 250 -812 -742 745 -626 869 825 512
-741 835 -647 29 634 878 -493 -915 -251 -807 251 -195
567 -691 -780 -879 -440 701 925 54 -981 635 166 593
-439 385 -784 -346 -766 -467 845 581 249 -782 -925 158 279 -743 43 -942 995 -758 -404 818 20 -105 -754 -197 483 -622 -494 -392 -926 6 -528 716
-595 37 -414 415 67 -338 -757 33 -629 253 831 872 114 -742 -882 -804 104 770 -92 572 648 -889 861 846 162 927 -447 847 786 665 -876 159 827 285 -799 936 518 -392 -312 670 -716 217 838 210 116 -723
580 -908 334 -495 -161 -101 169 -155 191 -731 -532 -501 -166 -702 -980 120 -328 -988 -387 931 464 -371 -396 -325 -119 -866 -525 375 972 606 91 -601 446
-659 89 719 -390 453 432 148 -171 -305 -351 -667 -988 612 -60 -167 306 815 725 -831 -139 477 853 -255 -2 472 -485 358 155 584 -779 727 -659 425 -220 221 -283 310 306 -504 173 -863 582 844 196
-280 698 -367 211 284 319 896 488 591 470 189 -538 104 -477 -273 365 -887 323
-390 -406 -949 39 161 -301 275 350 677 -557 664 -327 -591 28 -814 572 3 -918 -801 -921 -978 354 962 -882
181 370 -353 630 -218 -169 747 907 600 -767 186 297 -813 -248 793 289 15
973 -156 -106 -881 -99 -128 -888 297 -451 -284 511 485 -745 475 813 -210 -244 -58 -762 -280 985 -74 -430 654 -377 691 287 461 825 -924 -517 -894 -9
196 -845 668 54 339 -168 -465 510 735 110 -844 -616 -465 -511 140 64 -815 -21 -168 876 970 797 831 459 117 -502 -328 -649 -55 -425 57 -989 784 24
