29
43 23 43 50 27 15 26 18 34 11 10 38 46 41 24 29 36 34 23 46 12 23 16 44 20 45 43 17 33
-250 919 475 186 830 670 556 503 -909 374 -731 162 844 -217 295 154 -886 735 329 -174 -31 855 -120 229 669 931 84 594 -338 91 998 199 451 -28 -444 85 134 -505 70 -676 204 -943 439
924 314 -677 -128 77 -162 446 -156 546 -532 -232 65 -271 -629 224 227 797 980 -526 64 484 918 -161
-121 -564 945 -732 724 -247 -659 461 -11 838 -414 890 106 -38 -221 -383 -436 10 -343 -300 381 -728 -188 -75 246 874 477 -455 80 514 881 -675 -978 856 275 -892 -635 370 -321 59 474 -687 313
240 -100 58 718 0 -87 288 636 -546 -554 -541 366 -899 897 756 -791 -747 901 -89 -541 -358 396 -296 168 6 94 -959 553 -546 295 -146 442 -914 745 -781 567 -940 308 889 -399 721 317 542 -434 259 833 917 376 -541 956
963 313 -96 -172 608 48 205 -272 -34 -403 409 421 284 -205 -760 904 -509 477 -481 848 340 -333 189 -800 -338 -550 398
-24 -735 430 161 873 771 -466 -260 -325 -326 112 94 -29 905 -324
631 -285 898 -182 -980 -589 895 -494 60 -87 -910 182 252 -31 823 -969 -576 483 -818 605 -770 816 272 845 425 926
-939 -721 911 210 -175 -337 -639 -110 672 77 232 -845 205 92 742 -852 223 -475
-211 271 -349 -96 -825 364 168 259 78 249 -148 -67 -953 843 519 -778 44 -658 -283 446 993 -577 362 403 971 431 -190 -255 534 -279 57 -980 191 -408
-994 866 -982 -954 -221 722 -903 942 -139 -927 834
801 -859 572 786 -877 -654 -717 -890 25 -186
-214 709 -354 -148 541 3 -946 -431 879 963 -271 -482 -221 547 723 -25 410 825 -1 709 -305 798 -750 -134 554 994 -703 114 -820 78 743 -832 -995 -619 186 513 -250 -317
-534 308 427 216 -824 -322 252 169 -517 -702 849 -446 799 -998 695 -34 -645 -556 972 364 587 904 260 473 362 851 -926 -132 -664 503 933 976 259 267 913 -684 -531 -780 -577 618 -771 -506 865 -420 -760 -887
189 345 284 -18 759 -456 46 110 -781 398 -859 558 -988 524 738 348 -978 -725 -373 938 -103 533 316 -274 956 772 -509 593 -898 624 653 9 -909 -705 -59 897 746 -738 -124 -397 -118
671 239 777 -183 -888 -680 -148 342 387 -450 792 585 65 413 410 66 72 -702 541 -555 494 -463 -757 -955
252 698 -861 918 658 743 -300 705 129 756 104 -33 767 -997 594 -931 -186 -223 -621 463 27 -205 -321 -421 -185 437 -533 -679 821
798 -456 630 -464 -252 -854 -841 -478 762 102 -249 897 -409 350 -380 207 233 130 392 663 468 -695 2 -797 -188 -802 289 258 234 313 -508 315 957 -60 328 -962
478 -986 -717 -82 124 985 -781 -752 466 52 779 -281 208 981 348 -681 107 -1000 880 -65 -310 -199 99 603 -150 407 -123 -54 -945 -419 270 -208 909 -919
-791 692 470 602 -151 678 109 918 -236 -176 615 -355 794 -534 633 321 -679 687 -433 -482 -716 -709 604
-809 681 221 401 788 726 -166 166 577 -798 -229 -823 -30 178 219 -787 -413 263 -106 394 -395 90 550 927 -322 328 821 537 -358 371 722 -943 989 -543 98 -51 209 749 -898 -96 675 -8 474 -572 558 -250
310 905 -930 -88 844 360 612 987 107 426 -763 83
-699 316 -562 458 23 283 -581 -109 818 186 924 307 611 766 -28 746 167 864 -156 499 -84 -341 852
245 598 956 58 158 132 -911 -884 -384 -197 144 -250 -314 -895 231 -565
924 -249 -149 -745 561 -506 558 -905 -372 -323 721 -50 -838 -580 321 -786 651 -694 -822 464 250 -153 771 317 -399 -21 -562 459 -284 -995 -275 -78 -39 945 302 -358 -307 698 80 557 -674 -872 411 -616
551 470 104 426 -135 -149 904 -685 845 -258 -747 -685 793 -936 -536 864 -726 -684 -256 -383
468 -972 -483 -7 326 900 -168 752 362 523 -675 -166 321 -367 -367 385 340 -124 -219 479 711 -560 811 859 -514 -799 -51 -138 -48 800 -540 443 -351 241 -864 -216 853 -35 -246 353 -625 516 -893 168 -714
-477 829 72 818 339 -24 -314 469 -592 444 -649 703 885 332 -938 268 -855 -278 -713 288 299 -298 111 -362 -990 -414 -366 461 40 74 664 194 224 -972 -484 931 534 614 -54 503 -619 412 -86
936 -151 -649 96 -239 970 607 -40 -756 926 -42 -938 774 -825 70 -711 -142
-458 -27 -915 -413 -495 251 -966 507 568 592 755 -521 504 -729 -410 754 -386 -286 -776 511 -901 536 -968 -223 411 533 -497 -881 -253 775 343 573 295
