39
30 47 24 19 14 13 46 16 12 36 32 24 47 29 28 26 50 35 42 31 13 27 19 35 17 15 42 42 42 19 19 25 41 12 26 18 12 30 25
585 -954 -425 -283 -142 440 267 253 -650 -290 -939 84 -609 -597 504 814 560 363 -854 819 -772 441 -581 -697 481 406 -779 -366 -892 817
-546 421 -753 -210 622 384 550 652 -653 -23 -463 -154 -615 149 -454 606 808 -570 388 269 -772 -976 -347 565 912 -846 609 455 -826 96 -714 885 -853 -374 -559 818 -580 186 -789 -675 -370 970 221 -923 -170 824 215
-326 451 -516 542 -203 621 -280 -560 -485 -809 133 427 -481 -365 176 47 565 494 -538 552 -822 -898 -809 -679
-924 -570 298 -150 804 5 34 193 -931 -777 -768 -764 -219 -176 -394 409 -170 102 672
54 -676 123 679 869 725 -281 626 495 635 526 551 -335 -586
-341 -557 -522 309 199 949 641 519 -654 18 -197 778 -554
-498 -307 -419 671 -475 -739 948 -153 125 75 428 -517 874 -533 -443 445 68 -640 75 975 999 855 -94 888 957 745 726 110 725 -915 -96 969 -87 -760 -959 83 661 501 397 -714 389 699 -607 -447 -506 100
369 -439 181 -624 562 -118 -466 234 -594 671 802 870 507 -194 -658 -633
-35 -790 -557 608 -978 895 -33 -998 692 888 -885 366
-878 882 -842 982 -640 367 582 -247 -715 -801 752 7 889 172 330 136 -518 -766 564 253 979 -449 -123 627 420 75 607 -232 -769 -157 684 43 420 24 -723 424
405 672 -662 622 353 957 -505 -463 -650 640 -857 337 -857 -176 758 -831 -95 -381 2 -779 -113 287 -652 700 -308 -438 472 -472 -517 381 -614 826
258 -282 15 -808 -155 963 -211 -81 512 940 -111 47 695 505 201 -509 -557 -779 559 170 857 820 -599 -547
-465 892 406 11 288 -411 601 -984 455 -710 -214 -332 403 480 395 249 -884 727 -676 -905 889 510 -591 -535 -63 -282 807 461 548 -795 -943 -114 935 637 -501 -442 -177 24 -520 -187 -901 575 -462 187 200 889 440
52 388 20 886 526 -930 -261 791 -937 785 401 -854 -534 282 -83 863 -734 976 680 375 -435 -146 316 -544 -507 907 276 -480 62
336 -267 -818 675 973 865 -789 856 -189 -846 -650 211 -446 165 145 926 -931 -46 852 -759 716 318 -348 318 175 412 39 -697
52 55 -621 -849 -859 585 523 416 -220 -47 952 -355 727 -559 -950 574 -201 -637 -411 859 -891 678 789 -908 752 -711
-18 -596 -447 823 876 -337 -83 52 -311 -892 71 367 -405 920 166 -461 504 963 561 -115 671 897 -732 -946 763 188 -254 -759 743 141 -220 -970 818 -116 466 -868 426 504 -790 -228 -932 -306 -446 -594 -930 125 -668 160 -773 -174
520 -976 700 -102 -116 702 -245 907 760 -151 -807 -825 914 777 -135 342 795 556 -290 -337 -868 823 336 -983 516 -214 -836 222 -992 -627 36 -328 -782 -647 -773
637 644 97 301 -796 -135 -667 194 -582 51 940 -980 -133 -385 982 -585 697 433 12 -94 516 -39 -970 -979 -896 -347 298 287 -536 -288 -124 157 -156 230 -207 857 501 170 -556 964 82 -211
36 -11 580 -426 -835 539 343 -307 276 793 836 -662 885 -358 917 -505 182 -896 -806 -759 134 -600 434 157 -485 -489 -724 -273 709 -796 211
-175 651 319 -19 -501 -845 -68 149 710 -63 -461 151 -564
-423 291 -471 -488 -651 -751 -429 759 839 -264 -811 436 -295 679 663 -160 394 -65 849 -305 865 816 -969 -529 446 480 563
568 -471 703 -679 439 -892 938 -583 -147 71 -946 65 -449 174 -895 1000 -932 -146 -991
67 -493 816 231 346 -954 -756 -80 -559 -419 -933 141 615 -153 -168 883 813 -455 -681 942 718 373 -149 -719 719 -384 386 -812 -160 -71 -959 -20 491 746 941
-890 -442 294 548 -809 425 864 -188 981 796 115 20 833 116 -384 -764 -655
981 -919 185 -925 -487 -180 991 981 396 955 706 -998 -439 -52 -151
485 57 145 852 -844 783 -643 996 -980 877 922 75 -783 670 734 -249 317 -278 -468 -758 -9 748 -55 964 812 -248 895 303 169 190 730 412 143 948 -252 628 -473 219 -261 -712 399 -684
953 -462 -245 916 454 721 -742 862 869 493 397 -507 -231 714 -977 104 -976 -37 372 -830 200 -80 237 -134 612 485 464 -446 -563 -99 518 -197 173 692 883 512 235 -589 142 639 -646 196
-418 -988 -237 971 953 -545 -994 834 78 941 -615 -601 -471 -775 489 750 878 657 -635 -10 947 -370 -93 -723 -520 -373 104 -54 -457 358 113 -382 6 608 454 518 753 271 -410 813 859 -947
-915 790 -434 -110 -49 -447 146 930 -46 -363 12 699 -749 -208 -864 607 -651 582 -935
692 571 176 -891 668 714 458 57 345 -288 669 -329 -782 899 272 608 117 372 -383
-354 268 277 -954 -451 186 928 383 -588 -145 496 522 -136 -44 550 -593 880 -730 601 -150 522 436 -778 -544 358
-228 -343 -826 805 -60 -427 896 221 -733 -52 344 -906 262 -72 863 752 339 -742 -940 957 -538 -379 -285 -241 731 220 293 -659 997 874 -504 -45 -529 706 654 -826 223 421 -798 228 556
-55 370 37 -298 -646 964 -52 -104 -784 65 475 479
299 107 888 253 -439 -554 409 345 -712 -603 -384 -805 30 -977 -324 -404 -730 392 117 270 426 24 -877 -962 592 42
801 845 888 232 -882 -328 -572 178 488 432 861 -531 112 774 511 481 675 25
-404 -960 990 -723 -548 -328 977 -911 -519 391 -10 862
441 -570 -798 296 507 268 496 -911 174 705 118 922 275 -46 682 308 584 -609 -416 369 -349 -904 123 911 -348 316 -646 955 519 -924
-694 179 -2 590 -932 649 -182 480 977 912 342 -569 347 217 -247 -165 447 355 562 837 -315 352 -211 588 749
