48
39 40 25 34 40 24 17 17 19 33 20 45 34 20 41 12 35 37 39 23 37 45 29 17 43 25 45 32 20 34 42 49 34 40 35 14 45 43 16 46 20 37 35 11 50 44 22 43
-321 -65 -75 137 491 -850 -250 282 -644 -339 -632 995 963 -644 -341 -701 -880 -414 -704 251 -446 160 -394 -728 -599 -148 923 975 -257 85 897 -303 989 563 -341 25 -588 213 649
76 78 313 -419 -64 665 -18 805 -496 535 -980 3 146 -209 950 -623 750 875 -436 -4 775 -951 976 38 74 393 -752 535 -911 312 10 -980 -16 83 580 347 279 -612 -10 23
44 -483 -26 -806 -712 -603 607 -749 -929 -252 106 -352 -813 386 807 -202 595 -114 -481 -217 861 24 788 587 -118
-313 -62 817 794 82 862 -914 -982 681 -576 344 875 224 792 -826 896 658 -219 379 -359 835 305 -981 491 835 600 -339 -83 -756 -797 158 137 -888 789
619 -407 -553 745 -315 -428 -31 140 94 917 -49 -303 103 589 -941 67 -525 -828 181 263 27 -781 379 -725 822 197 -946 -194 82 -240 -551 -793 -914 -299 446 -273 423 -761 -359 742
-127 -184 -454 -676 -197 317 -678 -481 376 100 -165 472 -384 -720 369 990 120 271 286 535 -598 -755 592 289
-238 387 133 -965 684 -640 258 477 718 -450 771 -466 -578 -210 -854 604 -618
887 -55 -758 559 654 -411 -856 625 -939 -676 -706 -80 897 40 -321 -452 -604
451 681 874 706 802 677 -131 793 561 -257 195 128 -134 -752 -25 250 -377 -141 367
-809 -403 -321 -188 -988 843 -753 -240 851 718 943 -842 407 -999 975 370 -697 -996 -18 -463 935 -384 251 476 856 -646 -330 949 -572 -281 -220 -476 -523
-424 -635 219 46 371 893 876 -866 -161 39 977 32 -930 -428 -116 -68 825 -778 935 -390
234 -228 -524 756 -107 -394 -356 272 -507 97 738 186 -10 129 -153 538 -486 150 -357 572 735 88 -437 -403 -538 -149 -549 -504 81 713 -21 937 -744 745 -421 599 562 303 368 565 -423 441 -461 -231 642
-622 -598 -673 -407 -559 -646 -986 -405 -364 976 841 517 287 129 -645 -446 -203 590 964 -381 -552 710 -564 -580 -878 930 -530 -494 -67 -342 299 473 396 440
-168 -269 679 927 492 -709 144 89 923 25 -512 -824 -215 -394 -117 -687 126 -54 178 147
709 189 870 -647 -354 442 892 -90 -805 -837 -543 -716 -939 151 84 265 573 380 -411 -200 -661 84 -427 -97 -154 196 -433 -34 213 798 -315 343 -498 408 -979 46 204 769 -926 -849 306
-590 -497 -330 414 418 -277 -686 -186 -769 -913 -36 -260
-454 192 -783 -910 -62 784 -987 1 894 -381 -269 828 366 511 -968 -501 682 226 -398 -240 -30 -460 218 -380 505 -629 705 -449 -659 -444 -51 -856 -971 -359 50
456 208 708 43 -908 -496 238 744 437 -502 654 -707 882 208 461 271 638 471 204 -924 -798 -682 115 495 -587 790 252 964 44 -620 -17 -842 -416 -99 772 -761 668
-437 -950 -218 -163 619 106 -517 -52 -764 211 614 698 330 -82 -596 -847 851 -223 -476 -5 84 -202 -888 -840 707 291 556 235 420 -990 -771 -623 -578 -59 -889 -425 -533 -449 972
-153 -784 -881 561 867 -914 -347 -366 281 -829 116 718 137 -752 -192 -579 -331 131 817 351 -479 -718 -585
861 -709 -596 -315 586 686 -697 -398 -695 -291 187 879 589 -446 -795 -858 -721 31 77 298 539 796 449 -707 245 -545 76 -352 -136 -126 -914 196 -294 676 734 403 -710
995 213 255 77 -235 225 -484 -93 137 -237 -368 922 658 805 -341 431 -713 979 -217 -977 691 177 883 852 459 -775 415 -501 25 309 476 -872 -119 37 462 466 755 521 309 -646 -639 538 -21 -720 228
806 422 -226 433 -660 128 11 533 -980 -336 -155 -704 -606 -675 -39 -139 920 -555 -305 -541 612 -351 -410 692 -609 -283 570 168 361
-990 114 -406 -602 -369 -877 -725 664 -599 -86 -139 12 520 -61 -181 -849 -745
-254 -657 -553 -684 701 -253 340 -846 591 485 -525 -40 517 -226 45 248 -736 760 135 722 -178 205 0 785 -458 -361 917 465 -435 -892 -654 904 247 -349 -432 873 626 635 831 965 -742 856 907
-516 -744 74 -865 -841 941 527 874 -436 924 -958 -323 318 -379 85 957 734 -814 -717 -824 647 -791 809 789 55
454 853 947 415 -224 -539 371 313 -932 341 -417 -331 -745 -892 860 399 401 433 347 -570 -337 -704 -236 -457 87 22 -864 -544 252 -389 557 -401 204 497 -114 -965 -291 -174 -905 106 97 -638 606 -238 -665
-154 -911 -331 988 -201 -669 -760 -248 322 896 333 -743 -172 -885 679 353 -849 -607 -752 -617 -406 555 -710 290 -821 113 -770 123 -331 229 636 401
-343 -901 -5 -329 372 -825 726 372 149 339 -312 863 339 -194 -199 874 308 -222 -572 -871
-120 914 -307 88 -145 678 -779 77 653 -832 -917 140 937 87 -793 -261 153 578 325 -169 -112 103 655 153 263 426 -198 -756 -653 -168 39 823 -506 -254
112 605 424 -761 -117 -190 -368 -403 84 165 -940 -608 658 220 -931 -256 -642 -252 -425 751 -826 264 -642 698 289 -39 137 397 749 929 -877 974 -612 497 -563 -839 559 -158 769 -597 -433 55
-400 3 849 447 -468 -882 475 -362 -261 -35 425 -758 -308 905 -504 405 111 322 800 -592 -611 738 788 -725 503 -972 -829 0 952 -707 811 752 -179 -157 195 145 53 -506 84 -140 999 78 -100 -619 351 -980 260 -729 -60
604 718 394 868 894 449 83 -606 -582 349 656 -967 -313 74 242 21 -1 -190 -835 480 807 862 174 564 -449 955 344 515 392 -202 220 929 922 872
664 -153 -844 219 -226 720 -879 441 -869 -139 276 893 355 -97 -178 -898 -341 -894 789 -985 375 765 -629 -792 562 677 -194 -499 327 916 -763 929 348 -19 -400 732 -521 484 922 647
-866 467 -705 -330 -911 456 -25 -965 -913 -535 -429 -490 -590 -687 -833 963 956 362 171 812 7 334 -557 329 53 -18 -244 -850 247 819 905 -983 732 -252 203
40 0 216 11 253 -292 -523 816 233 -523 542 246 274 -383
574 -823 -233 -581 -355 86 -323 870 990 422 939 -123 587 -957 978 482 -981 733 648 527 -925 938 -463 472 -395 14 -805 -502 -78 -554 -984 158 113 202 -434 -815 553 -884 -262 732 -784 873 -572 754 -854
-227 676 771 582 -630 170 -758 -788 -827 -841 147 -328 -882 445 938 -490 691 -812 871 131 -875 -370 404 -73 65 -30 -913 -236 -242 642 -455 -738 -668 -962 -600 -646 -52 -212 -910 332 777 -777 771
-483 787 230 630 386 362 367 -36 732 669 -913 -221 -667 -304 -649 105
-198 -467 -212 949 -403 151 200 233 -624 -45 -834 258 589 574 84 841 -440 -990 572 -723 -61 413 -434 -726 171 -187 -229 240 307 508 -708 -629 -190 -670 -547 176 272 925 -199 -385 161 -756 -133 -39 -99 -696
-945 636 -38 -279 775 -921 771 641 -643 980 178 367 -942 225 -692 -718 -524 -85 -382 537
261 -50 313 264 -300 -485 -678 421 26 -890 -733 -309 -467 -919 713 -615 -469 356 -547 816 -704 166 344 93 -92 768 816 461 -372 199 -650 -87 -469 -353 96 169 94
-154 -705 301 485 -733 -157 228 -453 -779 -667 49 -2 154 -446 888 -729 -644 267 762 724 624 285 -861 606 636 -619 -406 319 42 -925 -501 -857 570 -188 -331
958 592 -811 -38 54 487 447 295 160 -723 -489
-773 -709 -325 65 736 497 775 -721 698 -962 -427 -612 -683 -662 -101 656 412 715 995 -34 -212 563 939 -357 787 187 -550 505 -167 609 536 518 -719 61 71 311 578 80 553 -387 242 600 -607 -566 -356 -415 -410 213 498 -244
32 788 -164 -53 -441 190 868 -383 810 -79 436 718 980 -592 -220 941 540 545 -176 77 285 -867 -992 -201 241 -759 -785 -742 765 317 733 330 223 468 -845 -652 -437 -624 -459 837 132 -667 -748 -908
-967 393 -363 970 -632 -775 245 263 -990 545 -877 979 -588 282 -136 315 -134 843 -204 850 -472 716
-605 -443 -809 -198 -830 100 361 -471 694 928 -587 -96 -784 80 -390 425 0 -681 48 -953 240 651 523 -539 -629 279 939 123 -880 -862 -198 837 787 -891 -809 330 -400 214 -584 -920 867 374 -488
