16
10 37 25 43 29 27 14 27 41 48 31 30 11 40 47 21
981 657 735 -769 -167 959 -236 -514 505 -777
868 359 -99 -258 -184 -717 757 737 142 -681 538 -470 -708 158 365 -131 -731 800 -291 -659 893 594 -480 -773 32 -697 334 916 711 149 715 237 -293 -704 -694 570 990
-955 -740 75 -302 -22 734 -894 237 -779 851 370 -176 -735 -567 410 -617 276 444 -312 -850 940 746 -785 -344 -420
-214 -401 -657 549 -691 257 694 -900 -754 395 -620 -110 709 839 -919 480 -541 269 -872 716 85 -498 -152 319 353 -817 707 -757 550 -578 47 358 97 -211 540 -12 741 -959 981 -327 681 -811 804
820 943 383 705 -268 240 685 -414 -913 599 937 -227 -477 938 419 -389 971 -368 141 59 -970 -422 -736 192 -31 -299 -111 -940 917
-175 -222 -573 382 839 -679 872 -903 -156 149 -811 977 -349 779 -840 679 865 -481 -860 613 -351 -995 -120 590 -127 -837 -259
-503 194 311 -842 -805 -868 481 -159 -714 -801 -350 527 885 128
734 168 -203 -214 392 -851 166 -717 685 619 -365 104 183 -969 -502 -616 738 428 584 -332 -159 802 -3 -873 376 945 -958
318 510 370 -686 -95 -163 148 792 742 72 841 -352 -936 -393 -804 -258 158 -731 258 -88 514 599 -77 -999 511 -181 794 -697 864 624 649 -916 296 568 162 -589 -466 -987 624 234 927
-749 516 -502 582 -170 -624 561 -167 223 -629 607 -619 -361 330 56 364 -205 942 260 777 666 142 58 -976 -287 459 374 -337 -992 -21 912 -490 566 441 259 -749 742 -754 578 -946 -466 7 -755 158 536 -639 852 -321
536 15 -163 -834 324 -915 927 823 266 -311 -516 991 -521 167 277 253 -893 -734 845 -547 -319 578 -105 753 589 -290 3 108 -132 265 -552
-812 915 780 -176 487 582 56 -857 -683 -43 -702 -813 487 -431 -417 -554 -183 341 90 588 -816 369 93 -244 463 -367 -985 925 234 -645
854 -790 873 258 555 -333 865 -664 -912 -154 606
195 -450 -75 560 -868 434 790 82 542 -877 606 -65 570 722 296 -226 393 -502 967 542 840 -45 -699 137 213 -896 638 163 -53 663 278 -970 -871 -294 230 621 597 -89 973 652
230 -217 720 544 427 289 485 718 -995 429 -591 601 -138 -203 492 184 -374 291 -609 -9 -508 460 -696 -913 230 806 99 729 -39 -249 -16 -879 126 481 -92 34 -218 604 -398 21 957 778 819 -833 -124 469 -215
693 799 647 933 27 -962 752 -118 -870 817 716 926 939 -404 -96 -775 -900 883 56 973 -124
