42
43 46 48 41 47 23 49 47 11 22 45 47 37 38 46 10 33 18 26 36 46 46 12 37 17 50 42 30 24 27 48 35 32 30 33 43 31 47 22 46 32 44
-12 -109 -311 580 920 228 -773 -10 -329 -823 691 -409 489 846 -652 -431 -540 -534 -286 -858 154 -569 600 343 -896 717 -673 -105 -443 -465 473 682 -551 8 -429 -681 145 259 657 -202 415 109 901
-480 773 211 746 -751 -152 704 563 304 -249 287 -54 767 526 649 -463 23 720 458 -547 -90 245 -362 -987 662 -763 -379 -631 571 -859 929 -987 -511 523 -986 932 837 -316 218 -419 -194 375 170 -986 674 469
-140 79 -784 590 -335 552 -754 637 449 218 848 42 -523 -605 -982 442 199 395 -299 708 -298 439 -11 434 899 83 478 363 -254 566 55 220 -538 424 -274 -51 957 564 75 842 -438 370 -891 -852 18 183 -283 91
647 310 676 77 -959 893 327 -252 1000 -454 -619 58 563 912 308 396 35 500 -993 -353 17 984 840 371 -672 213 107 -873 873 1000 531 533 -779 333 451 687 448 -371 -20 -442 952
-902 -282 162 -889 73 -915 -437 -492 720 680 -836 -246 -242 57 1 651 -813 -533 505 983 -948 -710 -216 131 141 -629 381 484 -85 67 518 -939 652 469 -850 -984 108 370 711 -215 518 537 -297 826 -528 -255 -975
-478 403 29 -739 540 -150 538 324 -790 392 -222 -136 157 -792 -659 -472 128 -42 655 351 31 578 569
213 -251 731 408 -373 401 369 -881 187 -308 -258 13 -310 -140 574 818 -536 564 -119 622 -638 164 -701 948 -116 961 916 97 -443 -916 317 -954 755 -120 -687 -216 947 449 -472 -896 -444 -21 -56 -916 13 347 189 -47 413
533 -54 -986 -339 934 -587 180 259 623 -909 -175 -274 96 -805 796 336 300 511 -151 344 -74 683 -655 99 -820 252 764 -38 149 -205 -658 499 643 -213 931 -81 -827 724 -8 337 463 39 215 865 201 -436 -905
-659 -733 191 -70 333 430 385 -644 449 597 708
360 -324 -832 260 820 598 528 -71 353 -832 -987 -744 -934 816 245 49 205 177 922 115 -922 -351
102 -852 902 526 -920 381 -514 813 -803 -279 126 -773 -135 772 350 -753 -550 -516 -179 -151 -411 -761 89 391 214 -416 -2 -520 493 -312 329 58 595 811 -974 328 250 221 -909 -484 311 -668 880 570 -632
-350 -996 173 -38 -349 -308 920 938 -663 872 709 576 -386 440 545 -132 439 990 176 -817 -981 920 425 -128 -26 -494 583 -870 302 -550 555 -224 560 -15 -257 -48 505 -409 849 -336 882 920 -257 -355 180 -357 637
244 -314 -422 628 -144 392 331 313 -264 364 732 -927 -112 760 -875 -110 -256 -560 592 249 149 420 912 -226 875 -874 299 561 512 224 -992 246 -287 136 -235 59 -917
763 904 257 -432 250 -210 395 527 486 -553 384 -654 -82 -347 47 903 -304 196 64 892 823 -26 -319 61 333 836 256 -351 -486 -660 -665 631 -834 659 878 -221 -373 -648
-572 743 -682 659 -38 -255 -922 -819 -291 -98 232 982 -487 300 -14 -19 -60 -935 300 -855 -62 173 -217 873 601 -866 -924 -674 786 -11 -787 -349 -166 913 788 452 84 -173 536 262 150 -841 547 49 -536 -448
-675 -245 -54 -789 -312 -153 581 906 52 -596
-276 703 -367 6 732 662 69 782 -953 -204 676 502 309 316 -549 597 81 619 526 -179 141 -569 277 546 415 881 -921 105 427 -319 806 819 822
305 29 -717 -125 -331 778 547 122 161 -879 -159 958 -500 -303 -517 -34 -782 640
533 -558 409 241 714 421 -458 582 48 320 -74 -332 -270 535 -218 797 528 106 428 589 186 559 -609 -573 410 -210
-795 -101 -427 -588 864 -971 844 -501 -28 814 821 -642 -273 718 -911 582 -353 858 196 -131 -254 -942 887 403 396 -349 -128 -275 -747 -99 -839 -385 -872 -657 859 960
-111 -10 -236 630 925 573 -501 -140 48 930 -312 228 -920 -144 -814 536 722 -445 89 657 -347 313 31 -164 401 -430 367 360 684 -147 -885 161 -154 103 324 973 -30 -153 175 346 -719 -557 -417 -153 -502 643
-75 -786 -706 4 -580 87 852 545 189 59 869 741 110 618 -655 840 -975 -231 625 -745 771 523 719 -973 189 802 567 -305 -395 784 -225 -130 553 -831 -937 -726 776 -247 651 892 -604 -842 472 321 -820 -259
857 859 727 450 -73 780 396 -948 146 289 723 353
674 111 671 -534 383 674 348 875 -888 376 -982 431 278 -461 858 914 -282 13 684 706 588 -868 706 739 -819 -701 710 515 198 462 654 -231 -220 52 376 -197 -807
133 190 723 -565 851 -799 712 -129 560 940 -316 254 341 302 189 -338 -524
-478 -388 419 -201 763 -665 -103 145 60 133 470 158 686 820 891 731 -868 -365 -443 -42 400 305 -927 -939 -393 257 830 -812 -104 -517 -247 -561 783 -628 380 -358 996 -246 846 126 202 175 -397 -193 -852 -794 273 -254 -192 237
-529 -186 -552 282 121 -901 -333 566 -592 853 -898 877 -363 320 -689 -914 74 901 255 -940 -604 365 304 -325 -291 945 -276 -544 773 -41 298 -35 -382 -206 -448 337 -996 282 643 -197 707 -100
932 122 -458 640 946 -326 511 -774 -475 494 319 288 778 461 -386 -922 -285 745 351 140 466 -237 893 910 427 169 253 -127 -719 -930
236 -915 -278 -453 -270 -104 -856 597 970 -752 -464 -553 -133 321 190 976 -729 872 450 -984 212 718 -934 373
165 -738 -996 -283 610 -67 -52 916 -327 114 167 -601 -88 -651 -687 -9 -521 -368 -517 -376 455 408 -697 -516 94 -54 77
881 365 302 -164 -566 -693 396 -359 229 137 871 801 808 832 214 963 640 192 56 -37 -850 -419 870 -224 -81 51 -524 434 4 -708 952 70 482 -931 322 -390 22 30 754 -567 -780 -923 -970 271 569 -884 582 -662
-54 -354 572 655 -883 389 634 -333 -250 -13 483 417 912 139 -684 216 581 550 -897 208 680 -739 304 -831 82 419 149 -359 -743 -512 358 476 768 -290 854
676 530 210 870 889 2 211 539 -852 887 -694 331 257 400 -33 209 -408 -66 -804 -693 93 -546 687 981 -207 -106 -616 -682 -132 587 479 -76
680 -754 -564 -424 673 572 511 -215 -710 110 538 74 785 -444 -172 211 -426 -478 -453 524 -815 153 -213 743 -251 92 836 -327 -715 843
-515 83 -281 838 -37 -606 836 972 -649 366 558 890 -785 527 -534 -899 781 -127 828 -422 207 -627 343 443 -356 -47 735 936 523 -588 729 -984 -173
345 -847 562 -5 440 -548 -668 -720 -513 -782 644 -932 -251 66 -869 316 86 -211 539 -686 394 -241 -902 -169 516 -298 -440 465 139 -177 -71 201 -737 180 548 -62 -214 -863 -308 -460 -168 156 800
811 864 736 941 351 138 950 -729 900 -616 870 273 934 -258 -81 951 -36 -173 -918 -248 -380 -898 -239 139 -991 -287 -944 -306 -923 -329 602
-41 490 -831 818 4 399 769 -715 652 332 -455 -4 -936 111 -30 -677 -137 741 -922 -206 438 512 -3 991 670 990 -169 -680 -118 251 -77 601 456 -851 -771 988 985 -733 -68 -699 -684 -556 13 -40 970 -248 549
131 -562 -403 838 -225 -832 -443 -656 -269 944 279 -564 -570 702 -870 -558 -125 886 170 265 -428 146
-582 -353 315 -554 630 -360 134 958 280 -798 -463 563 687 -762 866 -108 583 -115 53 147 -393 -157 711 888 -434 867 -5 457 -320 909 -487 951 252 955 775 -94 -648 -104 -406 849 81 908 -183 678 -325 580
840 856 -914 -491 -691 252 -827 946 460 -192 -736 922 -852 -723 113 -177 -306 125 -637 912 437 -387 780 45 -616 -281 510 202 -373 -838 -62 356
-470 582 -262 229 165 723 186 699 983 -922 -189 713 -609 -596 218 313 341 761 -643 156 608 -971 -932 -185 762 696 454 272 74 473 -396 -428 -202 228 -837 -987 -934 -552 -135 638 489 -928 885 346
