15
22 50 13 21 10 49 46 31 12 16 14 29 32 49 47
-446 15 -449 149 -519 -873 247 -680 165 -669 -754 575 -713 -915 987 -444 -984 332 600 28 -741 -291
445 412 -338 384 -328 -183 -358 -928 753 -334 -307 102 365 787 -64 -878 -1 -413 -511 -144 614 -76 -65 -282 -836 -687 -854 47 818 -230 -13 -99 -85 92 389 205 181 -29 409 88 -138 -341 632 476 -828 622 -441 -608 708 665
315 -256 -239 -942 38 377 240 -869 -282 697 951 496 486
317 680 -814 -740 -888 475 -558 842 -768 700 277 509 471 743 -60 169 139 -803 908 770 41
-975 -19 -576 -929 -157 402 -589 -855 230 -260
-221 17 -518 43 33 95 -673 -240 -349 621 -195 -67 -188 680 -859 -217 -174 -468 433 -210 257 219 -947 30 -539 769 253 480 412 -256 -390 153 705 -398 -429 -565 64 -236 -529 -411 0 480 -208 119 712 627 -623 -169 -941
306 802 -585 501 -408 602 549 -934 963 796 623 371 -953 -387 -386 826 804 -940 -711 650 -988 378 -327 -526 -564 -358 539 -829 -541 -405 -702 163 154 -824 246 357 -545 301 83 301 -801 -797 435 -356 237 -142
122 -442 -943 -865 -361 -345 940 524 -237 -425 -4 -828 130 135 -990 826 -664 654 94 391 878 393 881 212 -321 488 715 -306 -382 -390 -290
-683 -167 346 -106 96 101 -954 -241 -603 852 -171 -952
-377 958 -147 -802 -564 -112 -434 -57 -351 276 110 -428 -337 546 753 -12
-419 583 -766 25 -938 -235 499 236 -564 664 -510 813 -193 739
-783 203 304 870 -175 386 210 840 330 -324 -526 -828 -631 704 -905 -686 848 586 -579 303 27 80 -23 -702 -348 -395 -190 372 -845
552 -348 325 283 151 406 750 -803 123 433 -196 -983 -487 756 349 -645 791 286 -272 604 769 -830 556 -791 771 -701 -546 -737 -76 -755 -837 381
-115 -523 -684 -507 -745 -314 212 502 677 704 697 437 358 249 -591 597 -912 844 949 -194 -736 -472 -126 52 433 215 -961 341 -395 -512 -519 -645 255 -314 357 -45 144 201 495 318 400 780 -51 842 940 224 -343 -995 -703
-523 -645 559 -326 -794 -219 392 536 -677 399 -92 -357 -76 -376 802 319 -42 823 109 909 469 -905 445 492 237 -857 -253 255 -295 -944 871 983 140 693 -252 -367 -979 -896 -101 -231 -159 125 -835 -532 170 315 328
