31
45 30 28 46 11 34 32 14 32 25 12 48 42 31 11 30 29 50 29 10 47 41 23 48 25 11 18 16 31 28 47
592 -87 -119 972 -846 -651 -100 621 -857 614 838 418 -862 -332 -992 -631 -271 -706 493 891 961 -435 -229 -759 -655 -210 -722 -409 -87 -139 -893 -756 -874 250 -737 755 -595 414 776 -425 623 896 20 -933 -340
-663 -773 -76 410 -404 324 -520 427 -500 -417 9 10 522 575 -984 402 -332 -336 -715 467 980 -306 -812 -31 165 -429 -893 -311 -252 888
598 -494 -404 -960 744 758 902 -147 -63 18 294 -432 -513 389 -135 -192 -638 210 581 -857 739 -677 613 857 -362 109 -632 475
766 -820 -467 -523 -676 979 567 -956 139 298 -508 -227 969 -490 504 272 -553 731 38 880 -223 528 142 965 145 -528 -258 -792 148 552 -597 752 45 -442 618 545 -301 -526 615 -286 -764 9 146 -256 993 -150
-129 -491 -250 -820 -129 -503 -549 -272 -725 935 -748
697 -755 896 -832 -706 -226 59 620 -980 235 -885 875 -284 74 899 -470 355 -805 173 -495 902 -871 372 282 812 732 73 -541 -496 305 -179 -382 603 109
-452 -319 463 -367 -901 753 384 187 183 29 -99 -134 -27 166 -376 401 -842 255 522 958 -424 -548 -960 -940 683 -280 -753 -883 617 740 -503 183
49 477 -626 -874 -790 -124 551 -813 -324 190 934 -458 208 398
184 40 -358 303 618 373 95 601 240 474 206 784 811 -569 186 -146 -787 -357 -609 250 514 -512 206 -838 -139 524 -402 -780 486 392 -997 627
-488 433 678 -98 19 -681 -287 98 -502 -783 437 -921 -803 -685 -937 842 179 823 -256 649 -82 -633 404 935 -926
374 -239 -51 573 403 21 881 571 -689 113 -632 -333
-994 -662 296 -1000 -614 -457 113 -568 -277 -765 -796 -549 775 186 -529 -39 -857 261 899 -891 239 -777 -980 594 -517 873 -842 -103 554 -959 333 750 -655 455 -73 -766 -440 233 -702 -149 -636 182 -618 -439 11 871 146 716
469 -73 -198 632 412 -370 -522 934 598 554 553 -577 610 631 47 680 -417 139 -847 598 433 888 144 -555 -274 -374 -665 651 965 800 382 241 -105 -665 41 747 279 -223 68 -994 782 -960
68 929 -58 -702 -290 583 -819 587 261 -315 114 -429 213 156 -595 -342 682 -263 -991 727 28 893 673 899 -971 -494 -868 618 -730 455 -62
694 -583 -204 813 152 -480 -254 343 766 -502 -277
-344 -901 -647 45 245 -183 -349 -912 -974 -320 589 -769 597 -877 -777 845 -768 -901 755 536 134 53 -481 -773 652 -502 947 42 -108 594
628 456 50 -141 936 -579 -435 -249 386 -211 -465 251 -93 998 235 681 669 -387 26 -636 -44 101 393 -936 973 -967 -590 -510 -619
-624 833 -802 -393 819 81 542 -868 252 531 69 856 -822 499 185 -775 -2 -238 464 119 478 -369 -297 698 831 -878 -575 -800 -421 197 842 489 667 -665 -529 -417 -752 -637 -438 272 -587 -516 719 -890 539 -127 -596 -71 379 652
-698 87 654 151 -337 277 -230 712 -171 363 -730 -356 -945 -406 943 261 -630 39 -551 288 -958 931 386 910 224 -752 541 -365 221
573 -12 -319 -668 806 -121 432 463 652 739
-807 -464 -564 -270 115 156 -235 -94 107 192 990 -534 271 883 -934 -782 -732 -164 621 530 -443 -378 -263 -782 778 392 -66 -308 -259 886 -596 -841 941 -937 -328 355 -49 -459 -650 328 481 256 735 741 137 -257 -177
939 592 -487 -416 850 -53 299 -491 -792 -261 -15 289 -607 -879 452 610 -775 587 418 -551 78 968 -640 742 -652 -543 224 -610 -919 51 937 -495 455 806 139 -745 758 -513 -478 915 -268
698 788 -216 -389 310 -468 287 331 893 785 976 -931 -746 -664 364 940 -177 766 611 628 447 -571 521
181 -244 513 775 -370 -651 525 -434 -866 -710 -88 580 -878 69 978 -788 698 907 450 -191 -679 129 999 -635 768 241 683 873 -373 -231 752 979 3 -575 186 -706 65 108 27 246 -352 510 -904 532 -698 -894 672 703
-911 510 88 67 -16 -115 424 619 -874 931 -969 546 -708 -254 401 -351 719 798 900 -505 -570 -997 -427 824 582
-107 -924 564 -707 767 794 601 -800 -363 -644 -32
465 553 -445 384 640 478 -135 727 960 263 -491 -601 -207 415 901 -30 -404 -347
-281 501 -764 -679 -402 -946 866 -178 348 -140 744 -411 739 -518 -336 301
679 -766 -972 -793 -403 869 -905 285 -312 -904 534 -663 678 -853 -760 -944 871 -869 -861 31 157 318 268 -629 -324 -751 -437 726 -903 699 -363
63 59 970 -431 436 978 469 273 -159 -970 -679 781 -445 -937 -104 375 -28 -41 -146 -178 327 287 581 71 -829 777 871 593
200 -567 263 -986 -481 490 986 509 595 583 205 -122 34 -261 -270 -142 218 -45 -724 200 -969 -346 286 -720 -783 159 82 -195 -647 317 -754 -584 -268 571 -483 936 -998 399 79 845 -262 627 -215 -824 31 396 420
