31
39 42 19 50 13 28 14 42 49 33 22 46 30 35 24 42 46 19 20 23 32 13 37 21 22 45 43 41 24 48 50
-209 -24 -528 -72 -512 569 339 -387 422 -193 515 -246 919 -932 261 -845 142 -377 416 336 -129 -445 596 858 -257 -401 -374 54 859 -73 132 659 933 589 265 -484 169 -770 -220
-764 965 -814 480 502 555 277 69 -143 -892 -953 -406 669 875 -424 -556 369 381 -795 810 -403 691 -490 368 -262 -50 569 -412 969 -698 -982 -263 705 -632 696 -178 505 577 787 932 445 -86
-507 -862 168 -205 -239 605 -760 -978 -57 206 -397 103 -458 939 -364 -145 -408 856 -793
941 -928 71 421 260 328 -863 -541 -18 610 -553 -812 847 989 -62 -330 -463 -947 -671 39 528 40 130 684 621 201 873 37 -958 -330 514 267 462 132 -93 552 -659 389 -1 294 188 201 823 -628 94 -515 806 -503 -409 395
450 850 -14 -865 -839 -144 218 -496 -124 610 285 859 -557
781 -604 617 -811 806 -289 -519 164 -977 117 -163 -326 277 64 -166 -580 -237 636 -35 36 10 539 -767 895 -656 -700 844 -347
-332 -213 966 -920 -996 843 -607 -27 719 -466 500 403 -832 -365
-61 -899 -621 15 -77 -79 615 64 976 676 -586 -534 -703 855 747 707 -23 -409 -162 87 -752 -618 -199 -805 987 -890 867 491 -281 -337 -357 10 -101 219 -147 -2 -394 -385 -493 -411 -946 157
-323 -54 758 953 -640 990 810 324 -954 772 -206 308 -168 -797 41 -492 -191 678 692 824 -810 -914 -936 -307 858 16 966 193 -300 -69 -71 -192 -579 -298 284 -326 197 -337 126 12 -836 231 -43 510 -959 -696 -594 770 696
-160 511 -622 261 843 471 -3 1 663 -843 -332 796 -418 -992 628 412 -406 320 -965 -501 -609 818 885 -814 -23 686 71 515 -801 180 156 -693 971
593 882 -672 -956 -649 41 644 433 722 -657 -68 101 -440 262 508 829 -20 174 -486 191 -620 566
-563 227 -73 609 835 -906 121 -767 544 975 -44 580 58 636 166 152 -715 -404 -277 -998 -878 638 155 -817 -355 -831 -834 -597 -971 817 542 795 -656 624 -109 678 318 -847 255 -958 -363 -433 -952 399 -305 -841
630 -956 -758 -175 418 59 -620 -587 -618 -662 -645 33 -626 -535 -642 607 -256 -89 -338 295 -491 -364 699 522 -871 -877 -422 113 428 932
-551 129 443 -38 -904 -495 21 -584 143 -10 981 -825 685 394 -181 645 933 -57 -202 -587 458 820 -487 -838 -685 -953 -879 -20 26 782 951 -854 234 553 -417
523 -293 -868 -435 -922 -899 930 340 443 -313 817 335 789 -542 -207 609 -885 -752 -560 -464 -131 -550 114 186
691 -976 645 591 133 -295 768 734 -366 -448 -504 891 -345 950 461 430 -565 -322 -847 606 894 -424 -430 -151 -74 -642 61 778 -506 725 32 -829 -933 -724 342 -551 786 -20 198 -324 19 -445
-480 -740 807 -727 -526 -539 -852 -716 252 518 218 985 -722 -554 -178 758 -557 -839 428 -779 995 627 191 661 -43 326 -382 -765 283 -880 -465 -253 496 -378 547 182 582 977 741 538 810 -381 691 506 869 -647
160 140 -190 -804 361 -582 -933 -328 -999 169 -523 -407 -319 -636 736 -865 562 -861 27
439 14 251 -965 -474 -234 154 -981 29 -640 -457 -784 727 -780 136 557 -618 272 97 296
421 800 405 157 426 446 508 145 -152 834 152 412 71 -658 -281 -80 -555 -503 -433 -491 -645 255 -318
115 -181 392 -694 -466 -449 -203 657 -259 955 -791 649 17 -167 -180 -782 587 -590 89 409 153 237 -841 -987 639 -859 -901 767 -561 -74 541 -352
865 83 285 146 -141 -314 -590 -154 -233 580 -208 202 -132
110 -253 -122 -425 -545 525 164 970 -796 985 423 901 115 -430 650 967 -736 67 919 325 170 -600 -588 -638 435 559 -434 246 200 634 -910 665 -441 404 -147 -289 -121
674 -119 288 -804 89 166 -11 -817 343 -498 -721 -267 226 327 899 324 636 -946 526 -939 -387
350 -942 473 -822 930 -530 586 720 589 316 771 -647 -778 577 -669 -933 -330 824 -191 317 -250 -680
786 -82 -477 779 983 876 294 -166 -866 65 983 279 -960 97 259 -24 246 461 19 -642 -721 -757 -605 530 518 663 44 495 -869 989 -588 918 591 580 132 -456 679 533 559 520 -143 -349 -840 -917 -317
-484 623 661 504 974 -934 -375 677 -975 774 212 894 -406 -871 -776 -642 130 74 302 -249 124 132 -486 62 417 262 -257 -829 -288 258 316 -576 78 -441 226 253 -722 44 996 -60 732 562 -865
-364 -106 -153 -958 606 569 38 -893 -7 -218 -5 520 114 -737 -26 -828 137 -636 -8 -274 737 -508 311 -744 -214 -901 754 631 -218 617 -915 -479 805 911 -50 252 -578 -634 -796 415 -174
-117 329 -435 -293 528 628 369 -832 61 -378 -744 -103 -632 267 366 590 -399 628 -406 -694 -444 -423 564 -777
-185 -893 -18 704 309 -356 646 567 -598 -831 950 613 510 -846 108 -779 965 960 571 -157 930 -391 772 548 829 -102 25 209 -589 -293 -427 874 354 -253 -186 -546 890 -858 -276 149 612 158 384 -728 -80 431 387 -214
-901 296 94 226 894 -465 265 -501 200 -469 -565 -702 513 -626 503 518 162 737 313 40 538 -869 -530 -58 -94 -177 -136 -642 618 29 -513 491 92 -357 -533 -845 895 688 718 208 -514 -605 938 -303 179 -771 -727 -749 96 -210
