40
37 35 21 42 11 41 19 34 33 40 43 26 33 26 50 11 42 24 30 15 38 36 15 14 50 14 24 11 28 41 14 16 49 31 21 23 50 27 50 26
-475 -326 337 197 -419 40 626 857 541 -97 171 -268 -97 -293 -82 -368 -656 -364 -245 526 -761 -419 572 545 -479 168 -66 958 754 108 -183 -213 476 -38 731 670 -52
-961 -893 -1000 -839 204 652 954 318 -391 954 -187 26 -586 -643 -643 -266 709 -778 -176 -992 -567 -500 -681 -777 -77 -488 -716 832 998 -921 888 222 -518 834 -629
-577 -622 807 972 812 -91 815 465 -722 384 -641 -980 475 156 -251 -721 -535 -887 932 265 -942
-503 80 -392 735 -987 679 586 530 -77 -436 474 -774 257 -130 -150 -363 64 973 609 -90 38 -74 -914 -668 -961 -589 -168 368 545 257 -675 -424 -438 529 333 -576 -370 -699 258 -363 442 595
-742 662 -106 359 376 762 -229 163 -512 395 -858
-304 300 908 -379 127 210 401 -93 -914 977 405 822 63 -82 -618 -874 -388 -413 617 -197 446 -745 -988 565 781 93 82 794 -851 678 332 395 497 78 -981 18 807 -460 -682 700 -734
-930 532 -202 -955 609 646 -126 774 287 18 -646 -259 471 -446 -673 506 -943 413 766
-87 -786 -807 757 -633 212 -269 -19 806 -254 -549 -778 48 250 -214 816 631 387 -253 665 492 -590 16 955 900 338 237 78 67 32 -741 25 421 -333
948 -731 987 -9 570 56 -15 -139 -124 351 490 -617 894 215 -201 825 -21 -335 -300 -608 690 -135 -486 557 -497 -299 -211 415 -591 -97 299 975 564
586 245 -7 -482 -199 323 -776 156 54 981 -29 -105 -636 -946 -880 -979 -376 -866 -212 -213 749 -736 -786 751 -980 999 -576 -828 678 645 156 658 -932 369 -72 944 517 -981 658 666
387 -312 414 -916 -801 -446 311 571 -348 -170 302 -412 -478 -828 -924 176 -896 -6 194 -436 639 -804 -358 -575 74 432 779 265 855 -978 920 -31 -126 269 -922 -320 -770 -498 -259 -33 409 -461 213
585 -426 419 429 416 -96 522 -11 973 -967 -679 369 -780 435 -516 -210 -632 -167 817 -427 301 795 112 -243 872 572
422 -284 984 -918 723 858 900 527 -356 -358 -147 371 95 -872 914 385 870 428 -317 -320 954 714 -775 6 52 926 -64 -67 -571 769 -422 -197 279
-133 311 -952 713 -169 240 814 604 -160 -592 251 -347 -767 -640 851 790 -34 -576 -987 875 -438 938 382 -427 -216 -885
760 597 603 301 612 -377 -626 -477 -910 -13 866 -241 421 -385 -632 -228 -857 164 -717 -991 -682 -749 774 -575 492 377 -277 25 -98 582 207 -88 -641 868 -944 -886 -214 169 -391 -176 831 992 -797 588 -870 165 -635 -637 982 -648
458 914 -271 668 715 -495 -698 -533 -893 -807 783
865 -329 -301 805 -901 788 129 -146 546 -748 -721 -721 616 -290 479 162 -428 -623 -278 -652 -270 414 -816 46 104 360 453 709 -781 980 839 -473 889 885 -315 -416 512 -541 -526 -901 -323 645
905 907 560 -236 104 996 366 -253 400 98 680 513 -740 -736 -680 414 397 315 -548 -55 -981 295 -961 -904
-878 535 -832 983 -701 365 912 -470 -107 -966 901 982 -221 477 -734 402 542 349 920 19 132 710 933 871 391 -165 -383 884 -206 -808
-952 15 781 397 -508 331 -267 -236 -615 156 119 969 900 -755 -978
178 49 417 190 542 288 -697 -478 199 570 389 633 -805 -714 -195 -986 -111 190 278 130 -267 -504 -597 -914 -265 -761 -770 347 908 765 -525 513 -818 63 -479 709 -372 -215
680 -323 187 -519 752 -38 -124 -459 978 530 -776 -815 309 976 -180 -431 920 219 -587 758 213 515 352 551 -481 -825 892 -109 511 835 -934 259 136 117 613 409
-751 -110 -83 -395 330 961 -851 606 811 189 -267 -759 68 71 -368
-937 -952 -280 -837 -667 877 318 684 -344 531 970 677 245 -377
984 -308 686 -696 -124 -344 168 578 -211 73 49 847 -121 905 -694 104 301 -281 748 730 61 458 216 -882 -437 772 -713 -894 571 306 -177 -377 -482 357 118 -204 -490 631 965 719 -700 -204 979 -239 235 24 -728 -457 588 523
-142 335 -593 -206 932 -900 899 -575 172 331 438 -514 -548 469
321 -604 -275 283 181 -83 -672 246 363 -278 -195 804 203 -658 696 -253 -708 102 118 -473 -690 -361 505 753
828 662 676 656 -722 112 95 422 799 -702 -727
-905 44 -799 -867 121 -311 -47 876 -560 -172 -639 873 784 402 426 161 201 784 845 972 335 355 826 -161 -317 517 655 318
-997 -421 -971 -894 -719 -908 786 502 -643 506 -796 -4 -997 180 -648 -108 560 563 -338 -853 -45 -68 971 -481 931 618 305 -801 960 217 217 422 -610 -847 -738 -475 -329 635 -877 -598 527
-514 -688 807 979 174 966 441 21 -452 -194 287 -377 -826 350
-979 628 435 -968 808 -630 440 775 265 -578 570 17 641 -469 -25 -39
-300 -488 -804 469 967 -330 43 4 305 -520 480 -71 162 609 -285 -913 -781 -601 33 -118 858 -508 309 214 -76 944 -122 -499 951 425 640 -582 -714 -725 976 -83 275 -349 898 -62 69 273 397 -839 973 322 -648 -177 328
-912 208 303 883 42 -113 602 -377 79 767 -719 -994 -689 -412 -329 992 -665 -250 -305 -727 498 -831 -931 940 -308 705 217 -620 -155 -923 655
-865 748 -407 -627 -930 601 -751 676 350 -498 464 -956 194 -673 -809 -321 312 91 -36 -940 -598
-476 946 -287 -305 315 -539 406 -997 -374 -678 56 377 -608 -937 418 336 975 806 -852 -316 -67 41 873
-357 -465 -312 -195 998 -303 -263 -628 -120 764 -593 346 -64 -472 982 -878 -995 -110 167 23 -108 179 -277 868 -567 -56 984 980 -82 48 -879 -61 -820 176 -390 893 -466 -574 224 -426 -541 -730 146 -272 -940 -851 -103 -165 -975 940
191 -535 116 814 -433 538 948 -504 -319 -346 -541 325 889 -559 687 -140 -749 -812 216 861 941 238 576 -57 443 633 105
42 968 217 -725 -146 -822 -828 236 622 -881 650 -507 944 -245 -374 -620 -496 -646 -427 140 -994 123 -572 494 -66 963 483 404 -857 -106 625 253 -381 557 669 833 529 203 393 702 614 110 874 716 383 -98 -606 -128 -353 633
647 20 -285 762 322 -261 -78 226 -859 -678 826 1000 -748 -424 945 481 -302 178 438 368 -926 -860 297 935 759 631
