19
10 28 27 33 40 11 38 49 12 11 37 47 16 12 31 23 38 46 40
209 19 791 -628 -46 -111 -631 328 -96 -680
144 -71 -52 -418 -585 -989 273 634 741 -776 -112 923 983 -173 -940 584 467 -992 -689 -293 -629 -580 670 158 127 -116 850 -497
-869 -445 542 -469 89 498 714 -163 280 236 -840 541 -392 -721 -509 724 867 29 426 -355 415 953 444 254 -789 -493 -413
-351 -603 831 -295 740 849 -325 401 910 -431 -52 552 -144 -160 -754 -792 143 -498 -998 -85 952 310 -311 542 96 -590 378 -902 -299 482 555 -157 685
566 -394 -299 -800 -182 750 383 620 528 -608 -636 -322 959 -231 993 21 -862 -525 -136 949 864 396 -355 400 -910 212 673 -312 45 110 339 414 708 -994 -36 -678 -671 47 -197 287
538 -147 -762 905 895 55 -554 -278 -978 403 150
897 345 421 -152 265 -569 201 -102 -520 958 -969 458 -745 -484 -704 16 36 812 613 486 781 281 149 -87 499 -699 544 -965 -966 186 175 877 -793 844 -377 -711 196 -261
401 650 -975 367 954 54 -561 946 217 -389 257 -89 638 -181 -761 -626 -755 287 -59 -809 -691 743 754 652 91 690 157 720 836 -457 15 -785 460 431 -727 -415 798 395 454 593 -290 153 849 -96 563 237 -161 899 461
-820 143 -846 -395 -346 -998 212 178 390 -878 -821 -459
-439 136 -236 479 -770 -457 -238 652 549 337 838
-791 169 853 670 -152 970 279 312 145 371 866 -186 585 -620 515 -509 353 910 -689 -966 -274 192 406 -724 845 -513 842 731 903 -661 581 -938 887 949 -699 94 -613
895 900 884 -454 -638 -641 -48 -704 968 65 -780 -516 561 997 -541 343 -511 -829 670 462 -248 502 -638 -456 -340 -47 492 -918 90 -385 -67 -672 483 557 -580 -459 -177 851 -607 -342 -601 -363 -911 757 4 -643 -34
-723 870 -59 12 -603 184 -774 199 -881 727 -298 -216 319 66 70 476
-288 196 139 -586 4 748 425 -81 -874 -594 -260 720
-884 -953 128 310 -666 -75 -956 -274 -317 -152 -383 125 -543 -105 946 518 -55 154 689 494 235 -204 -893 -947 411 176 -925 -618 -791 -737 -957
786 651 634 436 948 -691 445 -25 502 -408 925 -485 -309 375 622 -88 174 91 509 -838 363 -226 277
-807 -399 -545 847 440 -212 -743 -266 -319 212 -937 -908 959 851 -178 -470 274 -457 -492 228 274 -686 200 -68 -481 674 -210 -476 139 -636 883 -587 -701 526 264 504 -437 -7
640 -706 520 942 664 316 53 565 -961 -227 197 -965 447 -74 -741 -392 910 512 -954 233 -502 795 91 202 -404 -667 57 601 163 332 568 -559 -341 -294 -413 -176 -209 -639 694 -1 -901 755 984 -511 303 465
55 -299 -160 -641 -685 -73 -794 876 -828 730 -28 -219 83 697 689 -116 122 -309 -128 -723 -599 909 -480 -425 486 689 412 434 -658 396 -972 443 -479 151 -799 -158 -930 377 -712 -393
