16
36 42 16 23 16 18 39 31 47 21 10 24 20 35 14 31
708 259 778 781 191 -757 -673 -290 -889 84 -133 -596 1 27 -820 -201 -55 472 391 568 628 -603 350 -139 1 -119 -398 377 552 -469 -748 581 818 166 -408 456
958 474 563 385 -3 401 727 885 387 461 873 -921 807 -693 -457 -409 -898 -521 -306 524 728 -315 613 -42 704 -311 -758 -882 -942 880 316 181 -876 336 -136 -408 -82 -420 66 -854 185 573
-107 116 448 728 -911 -609 166 16 519 -401 535 -393 -672 -238 -501 -65
660 -101 -800 91 182 984 -745 355 265 -621 -194 -63 -524 -492 847 987 -458 590 879 -631 97 -352 -246
251 765 -638 824 -704 -91 43 -245 489 -597 -728 932 562 103 -118 -391
-20 817 -305 42 19 -450 7 524 -116 -453 640 461 887 26 985 375 169 -338
-631 773 -905 -434 138 -619 -896 -45 -202 195 742 699 -67 222 281 420 -616 814 272 -521 318 325 -541 423 629 455 776 -393 345 777 -432 -809 -121 -21 -918 -854 578 -925 699
215 -700 846 -542 872 -229 -694 -790 -454 151 934 376 -552 666 -302 -222 -538 871 -227 614 461 -310 491 517 147 -558 -265 -25 244 -423 541
-869 405 489 590 386 256 -884 -408 -416 453 686 306 166 -162 78 -345 -177 -59 -385 228 78 194 -304 -997 266 -953 -45 -517 3 183 -33 -64 275 376 -560 -56 -735 474 -817 -162 568 694 -664 -34 -49 -402 118
545 527 -526 971 521 294 -898 560 633 -966 389 702 -342 160 -45 520 -485 481 -973 351 -933
-846 477 252 -482 104 -580 416 -545 654 460
124 132 -994 -808 -121 495 846 99 -503 571 589 804 37 -671 -58 -719 -865 -283 992 -888 269 598 -346 787
132 -410 -879 891 -658 -628 -842 90 63 44 863 -360 991 281 -750 756 -993 184 -827 -295
934 471 -162 178 -558 -600 589 -750 645 -455 753 529 434 -263 854 227 -934 897 659 -728 526 -168 705 886 -823 245 726 -383 -303 -205 -227 -535 804 -951 -502
-213 28 -805 -156 828 -581 172 -991 405 114 368 -745 648 986
-298 472 315 -884 574 931 -380 747 -466 -933 710 -467 -229 -839 814 -781 778 936 -704 -216 -897 357 401 -275 -499 -230 -467 1000 767 -779 482
