28
15 13 35 30 23 44 45 16 12 39 13 42 37 34 32 25 40 35 47 30 19 36 19 23 22 10 45 32
707 -225 -768 571 709 677 -934 13 -802 975 834 -538 -390 -790 -256
294 -870 -918 60 -189 411 548 285 389 -60 -974 519 876
-742 454 524 -939 842 835 -115 164 387 -860 -478 106 -702 842 882 -195 311 -467 -105 198 -787 -480 347 48 297 319 -37 286 564 536 611 -79 533 -16 -554
897 103 972 341 -712 -260 690 -438 32 -24 -902 909 354 -36 -304 -262 -177 301 -844 -632 787 550 641 -431 -611 -552 -356 -935 -524 -530
8 -459 968 142 140 572 -227 569 -402 278 849 -333 471 921 805 -907 -970 -939 40 -467 530 594 -630
887 -226 672 -152 -609 804 -808 270 -260 -335 -101 -492 -582 378 398 150 465 -61 -5 47 152 -306 960 327 954 352 122 874 -765 -448 -770 -39 -472 -940 887 -95 -717 -49 190 313 -210 495 -307 742
194 211 -880 -288 266 -556 -438 -33 -69 87 -399 -579 751 381 -423 -604 567 -359 -934 642 -930 -748 -61 -202 -321 249 -619 -725 882 -603 -928 -136 274 834 575 527 -512 700 -353 690 -457 -35 776 166 -14
873 141 -77 246 310 -299 58 -470 -705 -761 795 170 -442 868 -383 -14
-509 961 707 677 -673 144 221 -863 -725 80 832 828
710 612 791 354 -799 -724 932 627 -272 699 -562 408 -617 878 -779 268 281 -607 363 737 255 -688 -485 -10 180 127 887 -572 -238 649 425 772 165 -254 -625 424 95 648 -47
417 -62 250 -306 239 819 -60 -726 -733 -971 -477 756 138
-246 -837 -797 -603 -217 -466 884 827 -636 584 -993 -862 -415 -715 997 -63 723 -790 -106 -502 849 -898 959 320 -487 878 -458 506 -871 -824 -103 809 -881 300 -885 -708 -306 -115 482 880 -582 441
-915 560 -989 -143 -189 19 280 14 412 -972 -409 -665 -121 85 -970 -403 -651 628 678 560 -48 -629 532 206 464 239 108 815 -563 906 -652 -604 762 719 -378 -644 41
312 286 727 -522 741 323 -912 173 -172 196 -468 -838 -795 -651 154 995 -611 592 -361 -774 -703 559 -310 -636 907 -759 416 347 183 -12 817 325 -533 56
-443 -26 -40 -416 956 753 -76 -844 699 942 462 435 -405 113 -682 255 354 248 -721 -749 -932 -930 791 797 -733 440 -550 737 446 941 -431 602
-23 -580 -901 462 571 657 -692 330 -252 668 -430 422 72 756 -186 972 313 -532 -85 -169 885 -673 164 208 827
779 -713 523 747 -383 207 -543 298 306 -216 781 161 -361 927 854 690 -184 760 -287 -490 870 589 -61 -375 -490 960 255 -248 491 -65 762 -908 273 778 -105 395 -148 -382 329 107
-128 -118 -94 755 672 -792 -547 840 811 73 732 343 678 -921 641 984 -736 413 -999 332 155 -45 323 658 320 570 -672 258 192 625 -432 833 -89 477 22
-719 -652 -578 1 605 797 679 727 -899 -264 232 -110 -258 658 679 781 453 9 -419 181 844 161 26 816 378 701 -57 213 -157 565 0 -284 780 -427 -873 612 251 -826 -534 -532 981 142 576 -627 694 -909 -793
-913 689 692 817 -926 224 207 219 -407 -525 269 732 -322 -224 206 747 -174 -868 -570 329 338 -647 177 928 50 547 -293 -122 -868 -302
117 -345 637 -181 -612 308 -833 -317 702 361 -983 -488 986 -766 -499 -699 794 590 -241
-285 -699 868 -624 -497 -666 421 353 315 -518 112 -340 214 565 918 111 -175 799 74 -270 402 -432 401 153 210 432 -835 685 441 -440 636 -675 824 -574 -682 607
175 -272 490 -405 259 238 82 662 -745 555 514 37 -344 -39 643 -538 124 -859 -249
398 -337 826 -261 589 845 -231 -394 799 38 217 146 -610 -657 -743 -381 -50 -643 305 -217 -938 6 890
166 -918 299 -992 -472 501 -63 168 664 908 -150 -940 -137 816 971 -947 979 -609 46 -498 -424 -354
660 -604 -84 -357 643 985 339 -167 -648 -730
-254 564 575 387 -692 -631 -323 690 -492 -714 -950 -16 196 467 345 -10 862 4 810 845 3 -579 -778 565 596 -547 476 -263 795 -698 -857 556 922 -22 559 80 -338 32 -725 -356 -616 116 726 424 -566
-344 -284 -523 -49 826 401 -382 719 903 895 -601 389 -965 756 -683 639 -741 361 44 -775 763 991 941 -866 -639 -224 703 953 944 -998 968 668
