41
28 34 35 42 17 25 21 19 22 31 35 42 34 50 30 16 33 50 28 24 48 27 15 19 49 50 50 22 13 30 17 33 17 21 28 34 43 13 20 23 11
193 -251 -524 828 525 -673 717 -91 -149 421 682 -518 -573 -468 737 398 -843 -173 -205 781 157 -27 729 599 29 -725 440 489
-710 470 103 610 834 -480 -183 -185 980 -469 207 751 -624 -899 -150 -379 -627 -162 -561 138 -874 694 380 -160 -556 -743 563 -365 149 -723 -215 -960 813 -137
-940 649 339 -916 -703 218 888 187 990 -506 779 -114 842 -218 296 900 -979 -642 -383 -860 398 963 481 -804 116 -949 -597 -594 -870 -38 914 579 322 -642 -63
-511 256 -89 325 -829 -932 765 339 -277 836 2 666 -115 526 -526 549 -153 -993 680 -865 512 690 572 279 -244 -776 -798 269 -537 -181 -914 -736 405 -424 829 906 -311 211 371 -233 -850 937
-274 808 822 -213 191 -971 785 -189 859 626 -226 -385 -549 -349 436 849 902
-366 787 366 -96 -906 -260 -816 67 604 998 695 43 -19 -828 -111 -160 546 488 965 421 -410 815 -622 -273 -346
-600 452 240 288 -184 253 45 -14 -152 -676 -900 470 658 -966 -125 214 -990 827 584 -247 233
366 -292 -866 946 674 -194 -371 -850 58 802 725 9 101 -392 -844 216 91 523 -307
-262 718 296 785 673 568 -281 10 731 -998 386 748 -840 376 245 -464 -682 758 -244 -990 -468 -451
-702 -736 640 346 -532 -367 -624 566 -16 564 198 -194 -748 -538 -790 -720 198 500 284 -564 -851 -167 311 956 768 477 -723 541 -795 -889 -20
684 979 229 -687 -96 -828 -922 -55 -138 779 -798 -250 967 -821 -765 -467 382 309 981 310 -254 -134 -505 527 324 -532 861 371 504 511 839 321 462 12 -89
-332 5 617 -972 -781 -277 -487 711 868 -265 754 -464 -278 -351 -466 -156 225 248 256 -164 149 -92 -449 -967 -723 953 -506 -234 -86 -455 106 30 743 -463 81 -809 -123 385 248 601 -185 898
-701 188 920 19 -943 295 636 -546 269 863 657 -25 272 311 -591 252 901 112 -249 166 -748 -371 -849 429 -15 -512 -177 735 -922 -744 388 178 357 145
175 394 -110 846 -65 29 826 -514 -56 -923 -556 -270 246 -451 155 -810 778 -647 -880 554 431 -326 684 706 -23 -941 -661 140 -663 -617 496 -760 641 -813 -163 -23 -725 714 580 900 245 722 -303 22 -989 -431 647 -149 713 -572
446 -94 531 -166 -678 227 -559 -236 -517 -600 507 858 -981 -331 -212 -322 -58 719 -387 -20 -509 -130 -901 499 228 -852 -150 613 -684 957
297 929 -965 -286 -232 883 557 -666 -901 359 659 233 -592 -876 98 -605
208 -554 35 -1000 -806 367 -238 260 -560 -421 -677 -622 174 -889 -277 128 -101 943 536 -579 -330 -957 566 -701 60 464 635 609 -2 732 -408 -225 331
666 -813 27 136 -44 -6 -818 -79 589 729 502 62 691 -570 577 5 -261 647 -638 -495 -521 635 382 212 -263 -551 -243 196 -727 809 816 -172 48 263 -906 959 -164 124 901 395 -230 652 -229 827 -413 -462 -660 886 811 -531
469 22 405 -656 380 -741 299 -107 90 904 -643 950 -839 -837 -979 92 -344 307 -695 31 397 487 864 974 490 -799 609 -474
960 -996 10 -655 810 -875 121 -225 -798 -630 -160 125 -557 399 531 266 -190 736 -205 940 919 -824 -251 642
-374 292 -56 857 880 -788 -514 -846 -535 -893 -965 910 431 -598 -34 -311 -729 139 -419 589 -827 424 276 865 704 -17 627 -61 945 210 -412 -573 -81 907 -857 -501 -2 756 -449 -750 -889 772 715 529 115 996 -142 -819
-838 -428 846 936 534 -610 -675 -385 384 136 -543 -789 546 -198 941 -480 19 -786 269 322 -210 15 -460 -939 139 345 -312
-546 -666 -482 362 31 996 941 396 -873 5 810 547 954 -975 -471
-885 600 995 803 583 370 671 -902 50 -603 703 -548 -448 196 -474 881 675 178 -329
-76 766 335 -908 283 -736 -89 105 -730 -417 -366 -665 -564 520 851 985 -521 450 -484 135 -245 -855 -784 149 -472 819 138 -106 -607 30 -928 598 -154 302 748 -988 320 -211 -999 -165 -356 654 557 -901 479 26 -8 -251 59
362 611 422 -527 524 584 -767 171 -303 549 -472 -949 -751 -783 -194 271 702 -77 -308 -425 -386 483 456 -365 -418 771 21 -186 -246 -652 -550 346 -201 -491 471 443 903 132 21 961 -998 566 -735 547 -488 86 -253 -726 -534 -424
856 -921 930 279 456 -636 -166 -861 9 591 -957 -419 37 643 -999 339 -431 747 252 47 349 -36 475 887 318 357 585 -878 426 468 -624 -288 674 -458 400 -40 -531 -655 -195 -252 -832 615 944 -955 306 623 422 -250 328 118
430 -895 -234 232 -65 -476 530 -726 1000 194 120 942 -140 -706 -552 -920 560 620 -977 -920 355 573
526 -469 255 235 -419 569 -954 -491 540 -888 303 -320 354
730 50 -205 -964 -550 -341 70 -250 -453 10 374 784 -357 -44 -520 -770 132 804 181 852 -697 633 -164 518 654 -517 923 552 383 -379
-600 621 439 -245 -289 711 -14 -399 -504 -561 -469 436 -46 -998 -112 -178 -146
399 -901 923 285 -286 -818 240 -463 928 -936 -474 -777 242 -661 -553 363 772 -503 -826 394 -831 -998 -150 -747 504 -960 -507 -100 -64 -530 288 979 -169
-540 -987 169 724 -558 -771 -396 545 -342 775 262 -672 754 321 673 -672 -405
863 -83 978 -308 -682 -105 148 946 152 -16 246 830 -80 637 481 591 -675 -743 713 -990 -266
134 -40 637 -530 18 755 -535 -654 827 -245 159 585 206 -440 -903 891 347 109 631 952 -485 28 135 -530 776 119 -944 -268
-323 -469 -717 653 601 -670 -988 195 913 -101 39 426 414 -355 489 -12 668 -638 910 -600 672 529 431 -51 -810 -61 -128 301 904 -716 79 -215 87 -612
-523 -62 -732 -850 272 870 122 84 703 -157 -423 -87 508 24 111 687 -746 -977 -886 34 999 857 659 623 990 620 945 330 -670 -210 698 -382 787 -312 918 -976 -4 -89 800 -703 -684 -738 979
867 -633 570 -708 683 177 -7 185 -746 193 205 270 326
-649 386 271 892 -562 -599 -200 -800 350 -669 -57 -786 288 917 -33 -589 206 394 73 274
-662 -306 -539 -150 -236 -951 -497 838 444 -367 -658 -869 276 476 -538 -131 -993 -998 -376 -183 619 799 -975
327 513 892 -173 477 104 -34 -879 -151 -680 29
