47
16 18 45 29 17 19 15 15 41 20 39 12 32 45 17 34 27 43 16 16 12 44 12 14 30 27 41 29 39 47 25 49 16 34 30 12 14 38 36 50 30 50 15 41 14 41 44
-95 610 -807 790 253 -994 345 -803 166 972 -644 502 -692 -772 -659 -140
-429 -621 388 -445 -879 -917 639 -642 264 455 112 658 944 -7 -797 -192 -728 500
207 500 -138 -204 858 765 123 -967 -247 596 -849 271 90 -732 167 -688 -707 585 -459 -920 837 255 669 146 861 -683 403 -950 -3 -735 -598 -661 -612 -428 -894 635 95 527 -572 433 190 690 -675 284 630
-86 -575 -400 -878 87 811 74 394 743 -248 -410 700 -65 791 -454 926 588 56 969 588 287 784 -124 -428 393 -651 -260 266 954
23 777 -921 -904 -889 -108 167 -863 -140 128 567 -576 -846 102 -137 299 337
-614 745 -304 253 -35 152 -73 -21 -525 853 662 -816 -471 606 -455 -274 611 -31 104
57 584 521 647 -425 -187 140 -391 6 269 -278 284 -909 -695 -217
559 -6 953 -412 255 819 203 -335 -46 -64 487 -220 117 363 -222
561 187 -482 743 502 553 563 733 -261 538 -603 -190 574 507 -571 16 -684 -501 -579 636 897 -546 -594 394 -277 426 -657 -816 415 -809 441 -882 895 -919 -532 -508 974 -588 -381 -971 660
715 721 981 -919 -886 -55 324 -108 205 520 -319 -960 855 -954 375 564 -959 891 -749 -510
-624 551 325 -67 -517 -848 116 187 502 -860 435 -800 507 36 -62 -123 -500 -29 -922 677 -189 361 929 -229 857 145 -422 482 -663 -176 -152 393 468 -210 766 -96 477 495 -263
-664 -967 530 484 -540 -709 -267 26 364 551 543 721
30 -713 -381 -542 172 -863 -729 479 -566 228 760 507 977 -950 -786 192 -677 -744 26 -113 -761 -177 562 184 468 233 -521 297 -806 507 -160 826
-815 -441 383 -321 -4 696 -403 179 923 -994 -458 -839 864 933 -598 -623 -82 -696 -936 -588 458 683 985 659 175 2 489 -827 17 157 -630 -628 -682 321 -356 -613 97 427 -107 78 -895 117 -722 889 61
329 503 -583 -837 985 37 493 -464 603 780 -77 835 185 -154 -371 730 -474
741 -608 288 -905 -823 950 947 -777 -378 -143 161 -710 354 -758 722 363 820 646 220 -117 136 985 291 549 -526 748 950 -88 -451 -826 703 253 -230 771
83 -145 -729 181 646 634 671 759 -251 -375 933 -107 961 509 -871 -394 -889 -597 183 -920 -211 -609 428 502 862 76 -243
565 -206 199 554 64 370 -672 621 -789 -519 -659 970 -916 974 560 -696 900 -443 382 520 -175 -424 -877 -665 -400 599 -648 -186 444 -844 399 -699 -212 734 917 -625 -224 180 146 -79 -82 564 -423
-241 -199 166 116 232 900 -942 441 680 157 496 -694 -887 -740 -767 -791
682 -261 -36 817 -620 137 -711 108 -36 745 -393 -134 220 -811 -912 -159
-685 333 900 -438 -900 665 959 735 -245 245 452 24
-681 113 -456 -262 614 -817 145 76 291 67 529 242 155 -623 -620 -915 -948 -870 802 -240 -669 750 923 -561 214 480 95 516 -558 -996 -743 915 -182 170 -251 -566 580 -957 -52 -193 -102 -242 293 -78
467 815 402 937 -247 454 -607 903 639 68 810 -733
216 -872 -190 -325 696 610 -623 995 -320 249 4 228 711 -895
544 111 327 -804 -30 -365 -554 -489 -137 -724 198 -266 509 432 -177 488 704 765 479 -100 -610 -391 -188 506 355 -320 -878 254 -161 153
731 -587 -784 252 309 86 985 733 -169 905 -585 435 -229 -154 -899 339 119 -629 -531 -464 887 -262 712 -107 318 -657 -533
-780 -461 81 -349 -27 -121 -152 -644 628 -142 -886 -571 365 498 24 515 271 -472 388 -67 907 583 905 926 -57 -436 -964 722 -914 869 -506 -263 139 -48 450 79 -539 107 -473 -998 -961
136 -691 -324 723 -42 758 277 -224 324 -383 777 -688 895 694 -377 50 590 496 -143 -787 -752 -968 -452 -796 -730 -460 265 -853 -37
-697 454 488 -984 929 59 -553 784 78 -108 -681 -480 -443 851 575 704 -560 -450 738 802 366 -817 -642 715 -141 400 799 193 -44 -89 -869 766 -282 -527 414 -402 251 710 -15
-536 305 -700 -735 -151 -376 -414 -164 457 -686 -841 -549 -45 845 482 52 -994 201 939 -294 208 145 -940 -549 8 -967 -92 -305 -134 498 695 837 115 -58 247 384 -164 151 -523 633 884 -264 193 -339 336 -162 -392
57 495 261 -984 -698 -927 430 -203 532 -17 -228 115 -235 655 -654 -205 -748 37 -138 274 -673 -253 -303 781 -675
668 -254 -547 -821 -717 220 -771 643 -843 373 -561 -734 -494 19 -780 790 663 -51 96 121 571 -895 492 252 -372 220 592 -82 -580 964 -313 -523 620 836 757 405 509 -479 -149 816 -423 787 906 332 -195 -253 164 -388 517
-21 929 879 553 679 -641 -231 -902 211 -118 -130 360 -585 -625 64 678
445 324 -171 345 -162 530 -415 313 -648 113 30 -511 210 -91 654 -320 -673 39 -621 -915 -715 523 125 -83 474 730 -859 453 -355 326 -555 163 406 644
-591 -165 416 734 798 909 -776 -802 -676 -551 981 883 -521 -48 91 449 -474 -198 33 -805 931 -833 52 -647 688 618 654 -109 -337 -742
787 681 -850 -261 925 329 200 -47 509 -397 460 651
701 -308 -798 10 98 -255 -629 -634 194 -341 139 -139 313 340
-619 37 -774 -560 530 820 -979 154 258 -110 -264 43 952 -649 0 -767 631 -783 -740 784 122 -454 985 -959 -962 185 222 365 778 -355 -915 -898 758 121 -486 110 -879 107
185 995 823 344 -818 -833 501 -982 864 700 92 -497 -314 347 -296 623 -727 -958 239 20 -12 161 410 -588 -898 -950 54 744 -945 -678 -782 -751 -288 617 414 -734
-571 395 -833 193 -705 838 576 570 753 512 371 877 919 -236 144 806 653 160 903 680 -440 179 -481 -866 -816 -748 -566 373 -3 420 -683 -818 601 451 374 -834 -600 -860 -603 -477 110 -572 -284 595 -604 992 -931 65 207 804
231 306 -411 -100 -882 -634 811 835 -642 119 326 307 -172 481 -838 -549 355 472 426 -912 -543 81 -631 714 -983 -662 761 -61 56 -124
107 -65 558 168 296 869 -692 -562 145 711 -430 775 -845 170 324 -592 -980 -492 504 -478 140 -886 -432 -453 881 -215 420 -537 948 886 -642 -697 436 -894 -783 641 -696 61 -767 -925 -674 855 -845 -153 852 -413 -871 907 534 -590
-11 -791 -427 -740 72 300 342 -65 -400 451 794 -434 -433 -917 -160
884 102 -335 394 390 733 921 -892 -800 721 173 869 -513 -621 523 -69 -68 -496 -382 493 -764 -390 -618 -211 -747 -668 947 263 -943 -586 -778 973 -882 -794 -948 -589 87 -488 474 -906 207
380 -522 -357 297 431 649 -206 943 540 -857 648 -640 567 472
-675 -170 796 -56 -504 997 882 608 -947 -109 888 -139 612 -461 126 -478 -259 354 958 -333 -395 -151 -86 591 -601 -883 2 -346 155 222 458 654 -822 -35 -331 443 854 233 -769 947 483
641 -360 841 -489 930 254 -92 -786 -196 -96 -148 -548 711 256 -225 -911 943 666 875 576 -219 -254 -739 344 -912 294 560 -495 -396 638 -419 259 -80 444 922 -383 400 -608 340 -35 808 -510 -595 691
