24
13 43 20 24 35 39 36 13 43 40 40 18 12 12 16 31 16 34 19 44 23 13 35 17
-659 -608 -171 -445 -53 374 -407 -800 -229 444 -101 602 -542
-437 -887 -577 -853 376 -155 -378 784 -857 506 832 56 116 -503 276 538 -476 -848 182 645 427 621 955 159 75 -361 250 675 636 930 347 -860 994 -450 171 -361 316 656 -665 840 384 472 627
-469 943 932 -692 -252 96 -75 90 142 976 -517 307 -706 98 -681 865 -376 -433 255 -365
288 169 -381 0 -739 -234 -934 716 -986 -566 -211 424 735 -502 704 -648 204 279 -170 261 -968 -158 -825 793
757 472 624 444 271 236 186 844 707 736 772 812 653 -93 -708 927 -670 378 369 84 -107 678 732 354 687 -999 532 -724 648 -299 -779 -732 516 193 536
172 -930 29 232 681 -560 193 -475 -382 -562 -256 -910 -275 190 817 911 80 -499 -669 633 145 -801 968 191 -435 -416 -298 754 257 864 270 288 -981 880 52 -323 -359 -386 542
580 -968 554 -68 -729 -162 -943 633 -145 -964 -746 -621 -344 831 -892 -774 771 352 665 -122 -476 453 976 -184 21 -554 -922 -743 587 932 -71 722 -308 -338 602 -364
909 -949 -849 216 -949 367 442 -254 -365 957 -714 -652 -261
-521 746 -976 -132 689 -678 25 -184 -504 453 132 -480 590 912 591 790 -892 116 215 340 -797 642 306 478 -381 264 10 347 -988 -303 598 -112 401 68 735 -397 693 -510 283 725 863 -67 -109
854 327 708 -464 498 142 717 -951 -948 -966 557 223 -592 -785 -328 -815 227 -716 775 -632 -943 465 -163 233 -434 731 -569 -758 -168 -917 68 635 227 -249 -775 -598 -252 367 932 -190
228 -364 -787 792 -28 110 -473 968 715 -33 862 741 -673 -923 -326 -788 139 -587 103 -64 -31 184 243 -476 -96 -884 -529 203 612 -578 564 -237 -511 306 -165 -790 -205 -518 -219 -676
796 -578 816 -613 -146 -499 311 624 632 434 -384 -167 268 787 -825 -413 -270 626
-171 444 -874 -837 -458 -900 -830 -559 805 -880 201 -7
-594 807 -409 -647 963 -871 494 -533 475 -207 386 654
-578 752 -758 396 850 -388 871 -641 -632 639 706 564 315 -121 440 -78
-997 -562 -842 -173 593 285 425 295 717 7 -182 -2 -540 884 -571 -360 600 590 -232 -924 200 548 -431 -455 165 799 -838 544 -360 980 679
-572 -555 -78 343 -545 -335 -826 633 548 -950 613 761 156 -285 460 813
-594 -582 958 -903 536 -274 -12 527 -630 -69 263 -933 364 52 -976 560 -902 -43 -2 489 -917 -366 407 605 -558 215 -153 -682 411 163 -342 -686 -588 878
639 231 -581 621 -124 619 -889 -397 -65 -530 -858 -458 22 503 -36 -153 128 -626 668
644 -843 -581 540 827 -861 462 79 -698 -527 306 535 -573 969 -618 -35 -973 998 251 -116 -387 442 932 -880 -315 -720 705 -55 838 -724 -8 80 -538 634 -254 270 410 -155 304 -104 795 -122 922 -939
-520 437 283 986 554 770 53 -401 174 -503 -251 129 -439 321 -109 -347 27 -33 104 715 489 -148 -591
-226 -621 510 -946 272 -251 -359 -973 845 594 550 -377 -249
877 -811 -191 973 90 -802 866 210 -354 922 652 -67 786 -695 654 -750 -687 -280 -379 -758 416 983 590 673 -967 796 -890 258 -314 220 504 -259 455 -153 995
-131 782 -462 526 845 748 889 821 -555 -916 807 711 469 882 270 -406 330
