16
47 18 27 46 45 29 23 20 33 32 16 41 21 15 24 32
-391 142 -385 49 -119 521 -193 -349 -359 -682 963 640 -5 -10 864 -715 -206 760 -748 -282 -218 572 -4 278 355 -255 -341 924 -87 929 996 370 732 -354 -199 326 -751 -985 561 255 306 -940 -641 -503 -45 -612 116
-900 -997 564 -37 -399 379 -763 -171 14 -54 784 -148 480 -171 963 -696 -667 902
-197 175 327 898 625 -838 58 333 263 -247 -309 -195 -19 -927 622 -621 829 -728 391 -558 -726 -768 782 259 619 -320 -310
795 78 -143 -365 683 -901 -838 -141 -645 -466 -845 106 -276 953 288 -809 -413 242 -684 970 484 -517 -750 798 -291 939 -662 933 -961 -241 -708 195 -585 -86 119 -787 538 259 -764 677 -856 -696 -637 -987 -876 -265
966 -487 -793 17 -895 -694 321 293 -213 -480 -455 -796 -908 -559 -473 473 293 651 -909 471 881 552 -682 356 -959 482 -481 66 -464 267 280 -212 -750 -563 817 136 522 -424 646 606 825 -718 -278 -577 786
-142 137 -883 178 -753 874 -769 341 855 180 -207 -691 -273 178 900 321 891 229 161 442 945 515 149 -823 -883 72 388 -88 662
61 381 -611 -734 791 -262 -643 130 -21 -338 149 -302 -446 -642 -879 -428 943 -828 -148 -72 188 963 -634
-99 -790 263 -287 -611 -491 -769 -789 126 -152 -139 -318 853 240 839 -593 -816 764 200 763
-764 303 -549 -515 -530 52 -635 -810 -366 -151 915 141 61 -132 -398 -327 757 546 705 42 -191 322 -534 -269 832 -630 -563 875 468 633 -566 -80 627
550 -473 542 -47 -957 -529 706 -997 464 -582 -328 -295 -798 -237 -69 -891 557 -932 817 542 -627 732 -831 489 -965 405 -907 -676 144 194 884 -918
835 871 -910 -3 -165 609 381 -661 865 -534 59 -860 724 155 44 -52
105 22 585 449 427 931 -425 -471 -265 -676 166 -571 13 702 938 -357 -402 917 -209 -945 -119 638 330 -948 703 308 931 -871 966 37 989 -991 194 427 930 -385 -856 -728 83 -615 -521
-779 578 -519 -33 -682 -102 302 -515 -885 538 -839 719 981 -846 578 952 -628 -461 276 502 -71
-682 -584 834 246 790 221 -889 571 -21 -529 -187 952 -921 -662 -696
874 -282 -44 992 -295 -357 837 751 -603 -336 511 398 -570 -198 579 -437 -264 -13 196 -485 491 693 -365 764
-944 10 986 -771 477 464 392 950 -713 886 -334 39 455 215 -943 -517 -262 304 -204 -531 791 606 -291 -840 682 -386 831 227 -357 472 -368 677
