45
38 32 15 38 36 15 48 42 43 44 25 28 16 10 25 44 41 29 24 37 34 37 46 32 41 44 30 49 17 40 49 12 31 21 11 43 33 14 42 42 17 49 33 45 44
-55 179 -254 -209 84 951 -129 -458 433 -448 -392 46 181 301 -453 -101 61 -444 -611 -179 762 565 897 -299 -446 -783 146 864 339 -682 -839 958 601 -988 230 107 -777 -656
498 752 903 -654 793 -718 955 -324 103 -599 -888 418 -422 150 644 -362 -255 105 204 29 837 239 -934 267 153 948 -929 -484 929 149 901 363
-800 412 678 345 572 800 -431 388 886 345 167 542 597 -129 -929
-824 62 391 -420 783 700 -710 707 648 437 469 -128 -13 315 53 -492 70 251 -654 792 490 -227 567 511 626 -21 549 738 242 -801 -640 -662 174 -821 923 884 -53 159
927 -457 -543 513 -572 762 -261 812 -3 329 646 -30 768 -481 945 441 663 593 396 663 845 674 -13 383 -414 -416 111 -213 -701 -181 -904 -263 -101 877 -831 933
552 572 -471 242 123 -601 -738 -818 267 -404 -276 723 -420 -778 -209
-97 -21 79 472 -433 -339 -611 -727 -578 -632 580 807 904 -195 -995 -163 949 -365 836 163 21 602 -618 -48 135 560 230 -183 284 192 -228 -492 -568 -132 -655 14 -556 -986 875 915 300 -16 134 382 -319 367 254 968
696 -112 322 -367 162 -610 53 909 542 -58 665 -61 608 375 134 483 996 -327 -542 -291 215 528 -748 666 8 -775 -90 -577 -706 -395 424 100 -828 230 907 153 156 -706 -858 -549 973 867
-47 646 -440 850 -753 -216 -817 -726 13 -660 -735 -467 833 -447 -90 -681 332 -11 941 94 -867 49 -752 600 0 986 -526 511 525 -681 -267 639 426 86 442 -214 841 614 590 402 -619 941 253
651 752 -481 -893 172 -675 875 484 -539 -537 -54 -391 -159 -708 12 -854 310 489 -59 609 -720 -744 544 -455 -46 441 -431 599 184 -312 -719 800 -833 559 -386 961 -902 577 -195 -676 -300 808 -457 -8
-722 583 404 166 756 161 -845 359 -446 238 -853 -779 -223 -425 -874 -25 -854 439 -67 -105 -973 720 706 -166 -160
322 -338 -948 -999 491 616 496 591 164 573 9 513 554 450 -443 -448 226 631 950 400 984 217 -299 502 306 -311 815 627
624 -702 675 -260 608 -21 351 -591 256 -415 132 869 208 -771 150 997
270 26 976 -39 365 11 578 143 253 367
-402 -953 998 757 577 809 964 53 390 147 416 -143 -793 349 -433 757 867 -701 920 -794 182 -44 -441 -231 -326
332 979 -776 593 -302 -383 840 688 -185 50 126 991 -182 -44 -581 -717 -37 -127 868 -737 -695 319 37 -464 612 -563 -555 655 209 30 427 -254 -577 -799 739 221 -771 -629 785 -746 -399 -824 636 -355
-16 972 337 -378 -711 721 -852 577 -681 465 710 -839 993 496 -140 -623 -774 412 -921 -277 67 861 945 -162 660 222 -363 292 453 896 127 -924 139 -734 217 870 771 111 -950 295 -728
930 -440 -421 -82 -354 -330 -479 -142 326 600 -630 63 -676 796 482 -909 -518 365 448 -379 175 891 -687 650 867 -789 93 -715 -112
638 502 951 189 -826 240 -145 844 404 -344 803 728 92 -963 500 927 -452 -182 80 26 591 -539 -777 -922
483 -660 99 -653 688 111 -44 -997 -849 250 -619 -207 -690 -358 -439 206 38 858 -898 542 -919 -723 -761 370 -87 877 215 292 713 -626 437 255 308 1000 383 -185 5
-473 345 581 950 431 -508 -821 254 -833 346 -185 404 -834 -104 281 -760 -441 -778 -798 -187 940 293 -593 -580 978 542 438 -243 484 54 415 234 565 523
453 -765 -201 166 -972 -663 57 -37 -538 -305 -737 238 419 781 901 -17 -73 -408 822 384 -313 -788 -295 565 484 249 713 145 705 127 852 -481 -205 269 -901 809 288
454 -632 259 -358 -124 184 -794 951 -614 -31 489 101 427 -814 312 728 -135 347 166 -646 -188 -874 348 -408 722 664 -378 572 945 461 -315 -147 -273 695 461 414 -55 76 468 996 402 83 -323 774 -302 55
172 944 606 433 -362 -703 -554 -401 42 232 -601 235 -548 -646 824 -785 -555 615 639 -306 130 1000 -704 -841 336 -978 -569 -485 624 -505 827 -968
819 269 -110 906 -825 -997 -246 -63 626 -697 756 307 941 -937 68 442 -525 -384 566 746 451 609 569 -267 -144 -852 -196 417 -835 -23 363 -471 -5 606 22 6 371 -960 174 -52 59
-599 909 -360 -998 254 481 804 893 91 965 -390 -185 573 516 -642 751 377 -999 877 -774 -633 638 241 -237 627 83 -631 47 -94 119 62 -10 447 -896 388 -338 -481 -976 -627 180 724 -68 -238 -244
-251 876 495 184 -308 681 913 83 814 776 798 -687 500 -638 224 -431 -154 -675 514 -249 -700 -309 -543 -21 -533 -487 855 247 -607 657
244 676 -415 282 -959 842 -151 -58 960 -174 355 -132 -15 -44 611 -339 705 -291 961 -440 -704 -125 218 -80 544 -261 -93 368 76 690 -84 -424 -611 -154 -388 899 -822 -322 491 -377 -878 -156 -223 -919 -160 17 320 -356 74
351 -37 759 -379 732 739 -325 238 262 -282 -745 -686 490 -368 -526 160 884
-197 -938 -23 44 -639 -382 -999 -437 236 880 775 227 572 639 9 432 -617 -99 -797 298 -314 -924 -849 -372 -149 -479 490 -812 -10 -386 809 -69 903 824 -994 729 957 -582 -815 -341
631 -12 -921 -364 986 269 -310 260 516 -281 384 -296 -454 486 -677 863 -682 -162 -556 -407 497 -32 839 -380 -354 -606 785 -433 189 370 522 -455 -355 57 462 145 -844 284 -491 957 -295 -82 -136 441 939 -360 737 25 233
-161 824 289 -736 405 208 -618 -80 -451 756 -680 13
-397 -95 -413 -138 -958 -623 415 604 -663 792 639 -23 181 457 593 -283 -522 -786 -644 -683 -346 414 272 -285 758 -893 568 -103 -165 237 -461
801 953 -336 -836 68 52 -186 -10 -460 599 -949 20 -468 429 -588 -535 380 -651 114 -244 479
405 375 -249 -331 -811 783 -239 -578 475 851 -118
-732 454 -327 -283 -94 -718 920 -60 606 568 -486 -474 -395 445 -38 -87 389 270 808 619 -451 232 -459 -964 118 58 712 299 -41 -102 661 -909 -898 -1 -83 575 990 769 619 -767 239 144 901
776 572 -216 616 721 -443 -218 904 222 851 75 -955 -582 -328 -822 133 -500 57 -302 545 -585 538 243 851 843 -190 -666 248 35 715 -726 -520 76
126 -118 320 650 -427 637 -686 -725 239 -956 -19 -542 -662 917
-908 856 -36 36 476 85 -8 793 143 -833 358 -763 624 -379 852 280 666 -315 52 -402 867 549 842 700 -228 -373 150 -375 880 -403 -668 501 790 343 -211 476 -625 -419 166 -902 849 89
-409 262 93 946 446 -689 70 -432 -355 642 -925 -659 790 15 -111 410 -983 -18 -63 544 783 -689 -376 -427 11 -703 -558 -161 804 8 -967 -472 -880 501 -812 -524 -902 -539 -872 -859 82 857
373 252 -351 992 -538 -55 522 -972 616 368 -475 266 -376 -303 843 -152 -237
256 605 47 -754 -693 861 -118 -716 -472 -716 -853 350 206 -774 -502 481 737 -51 -436 -415 -222 -125 -512 -395 -867 129 -458 886 -275 762 -569 -625 202 -608 -423 -182 -797 -118 768 -156 -137 -550 -469 937 274 720 -919 599 -457
96 -253 865 -309 744 -339 -511 -339 460 -94 -823 715 -978 531 275 766 -19 366 -201 87 -185 311 -331 327 -528 -340 -934 473 -740 515 -364 -141 686
4 -58 573 -555 -180 133 410 651 -797 991 -544 -917 -364 883 234 -683 -459 -221 -332 -221 -381 494 -878 -283 345 -509 -798 326 -330 56 -999 -859 850 629 707 -213 804 -454 -422 -572 537 -920 267 963 401
-958 -378 -455 -85 -152 43 950 31 671 556 874 -40 -184 -462 -680 519 -633 61 418 65 -800 496 586 -76 -689 -488 -694 241 495 -20 710 -569 641 745 -24 -903 -120 556 29 23 50 -90 504 -441
