33
43 11 12 42 47 25 32 43 15 28 38 27 34 30 46 21 15 20 14 45 10 30 23 43 46 39 43 34 27 23 29 10 35
611 237 869 313 -57 884 -354 -696 461 -264 -406 -910 -384 484 -64 431 778 -771 -528 -351 -386 848 -903 85 445 256 -370 948 793 664 775 -994 492 184 739 571 901 855 -63 346 512 182 -143
-112 338 11 458 782 617 -253 -935 -315 917 -473
110 935 328 448 420 364 625 554 -919 482 -784 -47
-551 203 371 -782 656 -880 165 670 -213 -516 -225 -96 685 298 -174 -634 642 -510 303 -734 43 -610 -117 -495 721 -567 -709 -395 -13 -845 -897 25 842 649 -464 925 -295 693 -117 -656 -792 852
491 505 630 955 545 -70 -63 261 -340 -314 293 108 725 937 850 125 -659 553 828 837 -501 291 -398 -176 461 -713 192 -150 852 -793 -509 -706 -691 -801 -732 -428 941 682 -532 -912 -459 -342 4 251 -292 -374 -879
309 691 25 -124 -853 -74 -39 580 -521 84 17 40 645 807 -378 -526 -711 677 441 -27 791 -278 204 600 500
-915 964 187 -217 -569 528 -203 -411 941 -203 874 766 -742 544 437 -756 286 -816 -231 238 181 166 663 925 -170 -713 327 798 148 -211 -719 535
803 225 -819 -527 33 816 -603 -167 -182 -761 553 188 214 608 37 -711 878 634 -120 834 -266 803 -135 826 -931 -716 207 -88 -557 433 157 -932 82 784 -859 368 -19 -347 483 76 991 765 -487
622 535 16 -541 518 558 397 421 607 862 439 -546 513 392 519
-65 -523 -809 718 290 308 -359 -645 307 954 532 -201 -717 -573 628 -137 549 55 -35 -450 739 198 115 -413 46 736 -652 242
763 -334 -130 -336 -118 -633 230 -55 691 453 34 -17 168 915 102 49 -865 -683 275 -521 747 241 -490 -514 -195 579 72 -340 -807 -108 -8 95 758 -813 -97 -349 80 926
751 -313 -224 752 -18 281 737 711 -947 804 -783 -970 -126 324 -579 -554 385 -415 983 142 -139 840 -776 -477 545 -919 -453
-420 809 132 986 -151 -545 -128 411 -640 267 378 779 -510 698 157 168 312 -714 65 -366 -342 -720 -301 -304 415 284 -777 622 -45 877 24 602 703 255
-745 -539 -229 -680 -324 -340 -770 100 794 -980 -279 301 481 193 -787 -773 766 43 584 -767 495 -650 -500 514 532 -24 3 587 139 -423
351 -333 842 134 484 -364 425 -78 827 959 -852 -3 555 994 72 916 -176 656 -227 -260 -565 982 -730 623 256 -467 -516 -584 27 579 622 -510 -903 -73 539 -903 428 -857 372 -673 -282 706 -965 39 475 -497
731 -952 78 -634 378 -306 257 -731 -650 175 258 -298 -103 76 -18 -257 -906 775 557 -313 -50
734 17 -371 -792 -931 519 -568 529 -161 -428 -109 -43 -70 601 -182
483 -934 -418 -296 -872 -286 -955 -266 754 596 334 413 -935 284 -159 267 -737 765 -306 768
645 936 -307 -280 522 700 656 74 482 38 -833 -152 626 -623
-780 43 563 535 527 804 406 -645 -101 235 -669 -676 317 131 911 40 -857 -168 651 43 -405 -217 823 101 146 -335 -1 629 292 -122 -451 209 529 525 154 724 -938 -357 -594 -624 552 -248 -630 -499 -370
-538 935 -98 799 -136 407 -931 -358 229 419
257 720 -888 733 -136 -264 25 108 168 159 707 680 73 -438 -132 8 -956 818 -414 -268 662 -645 -211 -805 573 339 -173 -151 -216 470
-792 -110 524 -22 983 -543 226 486 82 -785 944 -204 -914 -422 973 -451 865 380 -754 470 -542 -18 655
-148 -581 -114 283 557 -202 -371 443 -138 711 551 662 -224 -679 768 61 622 503 804 -829 -851 906 -135 -967 -447 -437 -568 270 -351 -512 570 -228 -650 -650 908 -585 -138 -9 -873 -155 -704 164 369
142 -690 -834 -721 -700 209 962 102 -231 581 617 -136 425 -712 -790 -426 -515 -460 101 873 34 -898 970 104 -641 709 -494 -929 750 998 849 22 -635 -412 215 931 -487 947 2 90 819 73 239 -647 685 28
-502 646 691 115 -866 -113 132 983 -278 -753 -195 -663 36 252 -461 -173 -309 -993 -733 252 906 247 506 -456 -708 -646 -503 -616 -954 -208 41 624 -811 -631 20 332 754 -289 -350
-698 -406 398 -768 766 735 644 -481 900 857 -491 584 361 -580 505 -203 980 -532 297 131 790 -639 758 -751 -480 876 684 -904 -550 -871 -540 -627 -484 756 -64 -106 -539 -546 877 -163 697 -500 326
946 436 -258 -194 886 590 767 538 781 -25 915 -687 276 -338 -720 -1 526 563 553 511 -429 -518 259 -81 -153 929 77 -329 -433 499 -82 9 553 367
896 -666 -956 836 963 -458 600 -397 619 -321 506 944 -214 689 88 551 983 551 155 -536 -366 109 -882 639 763 -716 76
112 417 -418 -267 -583 91 -643 -693 -699 -160 357 485 386 -180 902 -987 886 808 -518 -762 -687 349 -954
-584 580 -771 -352 -74 -750 489 841 -5 -833 350 3 39 575 -535 -169 234 -136 -992 -538 329 583 -651 -150 -80 -947 61 7 -837
-553 -10 662 643 -737 530 -130 -772 132 709
-938 770 871 -918 -764 -618 569 -180 584 368 734 -54 564 428 -235 464 -385 -351 -326 -55 -234 -197 -909 901 -229 -227 65 -727 -784 643 7 -707 64 672 -558
