35
25 49 27 29 21 30 10 11 13 23 46 12 38 25 49 16 48 40 47 50 12 35 13 20 42 32 35 22 23 31 13 11 24 23 36
-947 -367 205 -901 -56 -98 6 -813 319 -15 505 -587 13 274 995 -924 -112 609 542 348 96 493 -887 646 607
-631 -641 -995 586 100 -786 566 146 -767 -913 900 890 -592 -516 322 -244 -811 -900 618 444 802 114 707 215 783 315 -756 -103 -719 221 613 247 340 849 -844 -170 -194 512 -931 -962 -634 -699 -134 -869 -129 15 812 -539 252
533 -788 -760 87 -467 964 110 -263 -15 -690 405 -324 388 -935 -1 887 -625 -364 -672 -845 207 -58 194 -718 831 51 947
327 360 -75 423 -50 967 787 189 471 -540 -198 294 -443 -498 612 992 -206 -401 67 -850 909 -892 633 62 -240 -298 -276 932 38
-370 -308 933 -159 587 46 -284 400 -982 587 432 748 -792 629 780 446 -873 183 865 -409 -441
205 902 -621 -505 699 180 193 -956 61 -973 -182 -513 652 416 -488 654 -417 846 638 919 -959 759 -972 684 -691 169 -257 899 -472 -894
844 -960 -547 -947 172 -502 197 -600 -993 436
935 459 -254 43 -643 -858 -866 459 380 -306 -631
469 299 -226 211 170 -751 122 477 11 -236 347 633 -1000
995 -251 -245 -187 -110 -425 -547 601 -996 403 122 -742 -577 181 88 -223 331 -671 -820 951 981 488 -24
-682 -541 -415 -854 -632 200 -13 436 -667 403 -386 137 -863 -11 -734 235 -236 -888 -590 879 -65 -487 207 -672 -593 -16 291 -144 -196 -116 -898 683 -841 -95 -448 -4 -729 385 -393 -403 894 -912 -218 571 -820 -522
-204 -541 -745 -674 238 -49 -955 77 -810 -848 -818 234
-10 416 -522 233 252 -840 -941 -836 -782 233 672 135 -398 -672 836 -613 -675 -77 978 958 250 -408 455 388 -834 -148 864 -343 -606 307 -466 -158 234 -34 60 -970 -353 -160
-135 104 -340 443 524 -487 -344 -306 -254 830 -963 979 -720 20 -29 832 164 -753 -41 -487 -980 648 885 66 995
-838 31 -565 -356 -286 248 742 793 -13 518 -50 70 -501 85 -427 -747 550 730 -512 -445 244 491 -432 -40 -578 -915 -967 -91 -938 -123 723 730 567 -227 -696 -99 619 152 122 -721 471 -886 657 -923 913 -148 529 725 418
321 441 717 -18 272 922 -981 -468 701 -270 348 -980 -642 -962 768 116
325 882 -665 712 -812 501 -434 663 324 2 517 887 -68 -638 298 654 299 19 62 405 -854 214 607 -31 -218 440 -257 -37 741 -1 399 409 -865 -896 270 -61 -251 -460 297 578 973 -615 347 918 -293 -131 271 -20
589 -688 425 -284 61 -345 442 -807 -640 389 887 965 966 162 645 -56 -308 234 452 -269 996 544 -8 -495 -360 649 -149 -116 -235 848 -542 175 752 719 636 769 525 -667 -218 -631
421 409 136 -635 -968 204 -64 224 -602 794 385 766 224 -334 -846 832 811 47 837 -75 980 710 -854 73 326 783 -464 -119 348 -967 -511 -531 -733 -655 -646 152 -451 478 517 629 -85 594 963 -341 -628 -210 862
778 -232 487 -924 832 -9 -907 716 -400 123 633 -333 -662 -167 548 -778 412 15 -291 -195 -788 704 -442 539 -288 -415 -729 -716 -941 232 824 -467 558 231 -850 -30 706 192 -40 -942 -194 -835 803 -612 92 135 -382 817 605 811
883 -339 597 -371 864 112 975 -397 -522 -889 -803 308
-111 211 591 852 543 -535 139 200 509 -642 -638 -519 942 154 81 523 -150 30 574 444 -937 610 82 852 -15 821 -62 -682 142 -235 -934 383 31 273 86
-48 358 -100 769 -116 19 -439 665 -127 -594 233 441 331
-949 937 -362 -905 719 -136 52 -553 -734 605 -100 897 358 614 494 -274 557 -561 683 199
640 323 637 -847 -171 948 -990 606 -611 379 -88 726 -711 -427 -249 -993 -401 -523 811 -824 -232 691 592 106 -810 -470 204 -482 -974 -548 -214 -738 -677 93 51 553 142 337 646 327 -298 -162
-950 117 -297 -128 406 -738 -857 -927 -140 976 -835 132 784 -922 -139 235 14 -523 -313 519 -897 230 -312 949 385 69 -675 338 575 -789 28 714
-5 -316 511 -39 -224 -552 -633 -173 -191 188 975 894 514 632 -572 650 325 -789 146 375 287 -950 441 183 38 -745 819 -602 -598 628 -480 -211 178 -864 791
-763 355 950 -663 723 -387 817 344 319 -725 78 -246 -333 -532 -549 -803 862 963 119 72 -495 775
-426 424 -755 -257 -820 -434 -288 -680 937 -714 153 418 101 -279 888 409 537 -480 372 -430 -197 924 718
-174 601 -920 -403 -528 -914 600 -327 511 867 -592 -939 -187 -754 64 -839 973 -51 -754 453 935 6 153 -940 327 284 -459 904 -146 263 -31
276 485 -506 399 -595 -58 124 188 -39 -113 64 -692 -354
-725 42 -39 -160 -410 207 489 94 -470 829 683
-475 493 -191 -297 -976 532 354 -402 947 -348 -616 67 -578 282 -582 -869 504 255 -268 38 501 942 229 547
-280 -595 -380 -705 753 -988 622 74 -583 655 -14 -750 -430 -778 -387 -885 -935 165 -569 -929 715 -361 794
-912 -79 -200 -670 -884 255 -727 49 345 924 443 -261 -812 762 -652 678 -494 725 -708 194 945 -303 -765 -357 -779 -856 -962 916 -737 -975 -242 -158 -983 543 245 266
