21
41 13 36 45 22 49 37 26 50 49 24 49 31 37 17 10 12 44 17 28 47
-85 884 -278 -305 -126 246 -277 623 -527 -782 942 -903 536 776 840 -929 -308 -440 956 -773 -765 553 -642 -241 -887 -262 -437 -958 218 -146 1 320 -5 -671 266 -393 55 251 -696 -504 489
-431 245 609 318 385 211 -867 801 -869 -990 -553 839 -703
-24 877 -133 319 -694 285 868 941 -787 -380 311 -235 -322 -398 -734 510 615 -706 482 965 589 -16 -668 -704 444 -711 -186 927 529 931 -134 -138 360 26 838 165
-396 319 -672 -593 67 -606 -603 -780 -62 -151 -44 894 -338 571 -858 -37 450 323 -515 -765 -315 205 -857 898 705 199 833 -805 -52 145 788 -204 -8 290 467 598 285 298 756 -160 448 -5 328 -914 -169
-991 879 932 -553 211 -829 490 -126 -437 322 962 844 673 667 443 -57 727 -476 -345 836 894 -49
-611 -241 -506 317 173 -985 -353 683 -310 656 935 -460 565 -933 -546 -687 957 668 721 574 -279 808 -530 -798 399 608 244 979 -808 382 496 -112 711 326 384 173 39 -839 -312 -254 61 -428 -166 810 451 733 33 -678 429
-797 -887 -559 819 -916 551 -416 49 352 50 -769 896 24 -676 565 118 5 -606 679 996 -665 -830 -714 706 -497 -134 177 188 972 -373 -902 392 607 -754 45 -6 -415
-16 926 -424 -348 -110 -269 -244 35 842 20 -522 -345 -471 -679 -593 456 -439 279 -782 -367 -431 786 -738 -197 835 -944
-513 -255 -670 -330 -460 -878 -799 -450 -665 111 294 309 701 471 841 405 -649 -981 -859 886 -917 -29 662 127 781 -474 913 -882 -47 365 -27 658 -730 -98 -935 983 106 110 -295 -776 -332 -114 601 -79 -280 -837 500 -428 -245 -896
575 202 30 -27 950 -465 -200 847 -360 771 789 -951 -397 -211 494 -706 -988 -836 333 645 -801 -502 823 -228 764 11 -739 -760 -426 902 263 10 -22 -435 769 107 635 129 -495 -646 -177 945 -978 227 894 730 -532 -400 -622
423 -835 -794 657 -252 580 -89 798 49 -151 -228 706 -711 -702 -37 -607 283 703 -502 -935 -511 -96 554 -887
-315 -67 740 202 -425 843 989 472 -268 -321 149 850 -290 896 -795 -726 -239 584 -282 -694 -623 -693 321 -53 -504 -255 -192 586 60 -127 -174 490 199 -190 521 8 88 -581 498 -761 -340 -782 899 971 -929 86 394 -461 712
-717 325 -944 -630 950 -131 -42 811 893 937 -863 401 -904 440 488 311 737 -993 654 -602 112 -844 747 595 -48 456 -294 -476 182 -406 336
571 -553 616 527 -810 924 241 206 503 -926 -363 295 -677 -833 -793 506 -138 -50 -289 665 -150 -860 -926 -752 405 -597 203 296 -977 54 181 -705 400 -224 325 469 424
-654 -8 -862 -102 848 826 176 56 477 255 -310 483 -933 -930 678 -606 -786
659 -462 -543 100 -826 -618 772 205 -254 -752
-766 -224 555 300 -778 841 682 -35 409 792 687 556
236 603 -712 -746 328 -534 -888 499 -387 -659 452 -203 274 930 272 -102 -529 -125 -945 476 890 898 -570 -110 -675 -961 676 817 388 -452 232 -526 909 -694 774 293 308 -622 254 -114 -964 -582 -292 520
55 -161 240 -942 -419 -354 -487 574 -229 363 804 559 -163 -998 281 683 -325
-737 449 -687 -826 -463 -230 300 891 757 236 508 579 -93 -715 745 -222 864 -303 830 663 -398 98 -57 -848 909 831 260 221
808 -458 -1000 -993 -81 -408 -855 694 412 955 -230 -271 925 757 485 -611 -851 707 382 138 163 874 265 -31 662 -552 -134 -676 458 292 -205 -463 883 33 -846 786 -378 -782 571 28 332 -615 179 -980 -174 170 -546
