13
11 16 33 24 16 48 11 20 23 19 33 39 42
-30 -342 966 639 -914 -350 928 -276 935 214 720
-674 881 265 816 611 650 -408 -673 -289 116 -332 907 263 47 124 -653
-578 952 234 287 -547 -928 -122 726 -391 729 15 -835 239 -52 447 -172 -516 -736 -434 -189 308 -664 686 -894 266 -352 -122 266 -525 -884 536 -191 70
203 -540 -49 -129 765 -201 -987 544 -743 325 -520 925 551 -690 215 613 141 -471 -702 667 -68 -260 -839 -891
883 724 -897 -709 -97 884 217 388 -594 -595 766 -80 -849 -836 -121 421
171 -310 70 859 -144 754 -945 -547 847 27 -22 481 -489 276 695 -343 908 996 -3 214 220 845 -4 -967 -278 428 -160 -316 -517 -697 -749 -427 127 48 147 182 73 729 273 814 94 -272 -418 -756 658 -313 665 45
689 116 -164 -586 412 24 -480 -623 605 624 -46
-98 -884 -372 -233 -465 96 520 245 872 -714 714 -612 849 -45 80 -240 -369 422 863 -109
-71 -643 572 -757 -397 595 770 -329 -55 241 -747 829 -163 -169 268 -873 418 729 362 -751 -443 831 -300
710 -904 598 129 -249 785 -934 573 -970 -367 -762 -893 -103 -68 -260 992 -602 -554 826
-487 -938 634 319 -349 2 760 -513 -252 -697 330 -450 578 922 -652 -991 -851 -11 645 245 764 564 -678 -857 -816 -915 -589 386 110 587 341 -691 -454
27 -987 836 147 532 969 826 673 910 461 447 -798 521 488 786 877 11 480 23 50 874 -521 616 627 655 539 -257 502 698 -737 -429 332 -328 -350 -156 725 929 -525 35
319 -772 724 225 -656 483 -768 -460 -613 -541 143 809 -397 -426 -181 -929 131 173 643 -30 -325 -291 658 -441 -145 475 -124 718 89 -365 269 912 -625 -975 412 -858 36 602 903 -138 582 897
