27
13 48 21 43 18 14 49 22 32 22 38 26 33 23 30 18 37 15 29 30 16 25 31 45 34 30 38
-550 -388 214 257 312 -502 85 -269 -388 -842 -182 -431 -350
60 -588 308 -869 -11 190 -509 -186 -543 -204 -2 -289 -619 209 360 955 -967 -827 -245 110 763 -583 -1000 -750 -265 -709 -458 263 -57 599 732 -326 76 681 458 -767 -456 887 -377 629 674 918 175 894 984 -687 687 -673
-17 445 -309 -418 -20 -404 -557 214 522 -867 179 -986 -336 925 484 -284 28 942 539 -118 -477
398 -768 894 -716 -807 997 898 -738 -641 -171 584 938 910 -436 498 -740 -227 194 -383 -421 251 346 -855 291 -324 -236 -828 -253 209 583 -236 4 -793 353 -781 -377 120 500 610 721 -626 747 -541
408 -92 -704 732 80 -172 229 -115 -672 844 -49 793 -895 829 -385 388 866 311
-937 -5 439 628 -228 274 -548 -360 89 835 663 916 837 -457
-224 -137 -754 316 -830 -428 -716 -374 -617 765 757 776 699 -71 -665 -744 -456 -492 -880 -202 -991 -245 673 849 536 709 771 424 773 385 -221 -194 -363 -163 -708 386 -129 -426 -83 -331 53 4 -613 -627 404 -51 533 804 -125
-34 770 459 132 156 819 -494 -647 -592 115 -435 287 -648 -198 -454 623 431 84 433 716 190 -165
-166 610 -683 -989 -928 57 727 -507 -53 362 784 -575 -289 366 -458 -637 -342 978 -627 863 -87 674 -534 -318 -563 257 -341 -250 600 464 798 550
280 -255 63 638 63 988 695 796 118 -260 -157 745 -729 -22 -79 546 -690 61 -504 -396 -117 119
-462 -978 37 -613 128 -14 316 -612 583 -157 539 893 -565 183 -397 -239 721 858 433 -45 862 -133 -261 -28 171 317 -645 -618 734 -545 -969 -701 167 180 285 82 -611 -439
914 164 -725 423 623 221 -589 -261 113 6 -457 733 -346 33 546 742 -756 -629 -313 -402 870 -405 -795 448 849 440
514 -236 -804 571 -57 64 -179 728 604 -975 -950 -961 -850 -170 -111 -90 -485 361 640 -572 183 449 -156 236 153 20 -958 245 -943 392 -69 776 412
110 952 966 11 816 740 -994 546 819 -719 -411 557 -270 591 858 229 -662 471 -508 195 -828 620 -691
701 -380 859 -362 -160 -1 -194 444 -767 -183 217 -93 301 -669 -315 457 376 -192 -267 -12 202 675 977 655 767 -177 680 941 -491 347
-954 -129 263 898 167 543 -993 -129 -394 841 -468 158 -109 -187 -779 -747 375 -326
-789 883 -657 393 -786 -446 69 -314 35 18 -30 -206 -723 -101 -863 -687 -808 -745 -409 -969 -217 -949 -913 360 -502 -171 189 -819 -648 -498 143 656 -429 438 13 -156 -376
-782 847 -987 467 -314 -903 707 543 -128 -11 437 367 -240 258 -795
852 -165 719 -633 441 -915 -337 471 389 8 -477 -1000 -637 -420 -745 -119 325 -491 711 668 -180 -750 -42 -968 -724 -5 -776 -493 169
179 -400 -806 35 -27 697 203 -531 436 -751 644 126 -532 516 552 -1000 -808 -129 -25 237 -983 -917 -390 751 767 -213 -976 195 67 -812
-756 272 954 -889 598 -449 -382 706 -25 827 -190 565 135 -16 -63 -152
931 70 -726 -783 -103 -114 394 -158 -893 600 233 -141 481 344 513 843 -671 -14 435 955 -212 868 59 347 615
679 -480 750 -298 -853 -404 916 -603 -366 -690 781 528 -563 306 -936 436 512 -402 969 -588 -204 294 -120 -233 -907 695 -34 -343 271 42 714
-670 432 694 735 305 558 -934 497 80 -865 -557 -292 -440 787 -148 -125 -270 969 763 -692 -708 348 -501 -253 876 -136 868 600 301 -803 936 493 697 -804 -4 -158 -921 -270 3 -140 175 -234 -546 942 -217
425 -309 -490 131 -400 431 777 -642 756 -513 -530 479 -683 -881 236 140 -687 -668 -422 -953 -565 40 -594 114 -752 846 -794 213 934 113 430 114 -467 -147
-417 388 -893 239 -506 -244 -118 745 -56 870 -845 -439 -889 617 -884 -291 -489 -816 -852 -230 640 802 331 -465 -828 -642 276 -525 -66 858
949 593 356 -718 -950 -639 384 759 612 -983 -803 -797 -981 -811 988 314 337 -796 587 -339 742 412 -310 524 230 -909 -786 566 -833 -598 -144 784 10 334 18 -22 108 920
