40
25 22 15 37 25 42 50 28 34 46 17 36 37 33 28 36 21 18 38 50 33 16 11 43 25 15 25 36 30 48 38 21 22 44 49 40 40 19 33 36
690 827 -626 976 757 714 5 899 109 148 -453 149 -265 314 -696 443 -586 -58 161 -674 978 -612 -868 326 -41
27 -829 -217 247 -873 52 46 -330 370 936 -776 733 131 762 394 -541 -81 -10 350 -722 625 770
-379 794 932 -414 -821 -942 720 724 -836 -370 393 -831 324 619 454
291 213 660 -389 -550 -929 -16 286 437 -15 -169 -980 -7 886 391 -362 -783 347 654 -572 492 -620 917 746 -961 439 -270 794 12 929 16 -87 509 -566 -340 -260 766
607 909 -912 -72 781 -910 -147 -923 -272 520 176 941 -9 279 -422 -207 -19 -111 788 0 422 208 401 -879 123
-525 222 -810 741 -217 -698 -180 -559 610 522 340 -119 -274 674 773 876 836 177 986 -367 -958 -499 869 -590 -798 175 -23 -147 434 142 313 313 424 -219 -413 -655 509 -766 -82 -474 735 -305
-304 -672 794 225 -257 568 135 -772 -57 -781 82 302 8 586 53 969 117 322 604 563 642 -48 -787 -854 679 133 494 -207 837 525 -502 495 -531 517 107 2 35 -394 -579 -29 -511 776 699 -858 611 526 -575 -606 -315 982
-807 -52 -556 -199 633 -505 -885 744 921 -513 160 -645 -58 850 -460 265 817 334 -176 -651 -585 670 -556 847 -294 230 -927 360
684 461 -780 768 -501 174 -597 423 -368 -920 -559 129 -780 266 136 -593 -475 925 -60 -492 -882 0 -969 -699 501 157 -381 547 -217 -676 -837 868 734 -955
-133 -203 -782 952 -963 -770 -416 474 581 -383 294 -640 -29 -744 -606 -798 -729 -114 628 521 -433 556 -743 151 656 -453 277 -581 -87 -234 -478 326 -87 580 -671 -541 570 -971 105 -70 -518 254 -616 271 -479 -965
-898 632 572 674 -304 -95 -254 984 -162 527 974 391 -391 -104 -389 669 660
290 -703 -990 -135 -513 -246 190 123 -706 -431 -127 -785 578 -620 967 -297 145 -511 484 -453 -398 -110 -150 -614 624 783 808 -500 -837 529 721 -237 -206 595 -152 -875
-579 166 -22 190 227 -721 195 -641 495 848 -772 -327 -838 642 290 -646 523 -700 862 786 277 892 275 262 -741 -279 590 535 -94 -245 -38 -785 -739 328 479 -812 570
742 -619 416 -968 764 -351 -875 -643 169 923 56 673 49 918 -419 -916 -135 -150 141 193 -553 573 647 -539 -902 -418 -960 -990 261 985 105 217 -81
597 907 716 -445 -714 218 723 857 79 -303 -805 887 545 -482 -257 691 486 -926 -629 -721 78 -945 51 -638 482 -79 618 930
303 654 532 102 -565 182 85 164 -278 757 -98 984 832 -617 -204 948 -889 473 -215 538 -901 -724 -899 -193 -84 -162 682 -534 76 384 -584 -741 615 455 309 -400
-356 68 925 54 -359 763 512 -6 -580 953 857 334 160 -470 -874 -488 -696 916 -410 -636 605
770 -803 479 -292 231 79 928 -902 -341 -468 243 -215 -275 990 -640 -408 705 83
758 197 -118 575 854 -938 384 -434 876 -578 -184 -139 648 860 338 922 -26 28 380 324 90 62 -94 -113 -255 382 -431 101 340 566 695 -9 -77 -799 609 884 741 -525
656 -982 159 -573 -878 557 -824 274 674 -106 282 215 -773 451 376 76 -445 991 -999 75 807 803 203 902 145 -520 540 564 672 7 -910 -748 590 635 780 435 -74 -273 -153 -38 -804 201 -941 -882 286 -528 778 342 -558 -835
-74 200 967 833 910 -811 881 54 -296 577 744 -630 -500 -697 381 950 425 189 -657 580 -357 364 107 110 -803 7 -219 429 423 951 -142 872 -556
-484 -995 143 977 445 591 -732 286 -920 -614 850 -567 -107 361 10 724
104 436 -105 -137 -803 -155 326 -341 -230 -891 -38
184 -283 41 996 73 132 -89 -722 36 757 400 -231 251 -694 -760 524 677 67 -380 -989 334 -9 132 897 -997 344 396 191 322 940 -874 843 51 -358 44 741 -538 438 -503 -589 -665 597 -438
799 155 967 -399 941 442 -450 -273 304 997 763 -396 -691 -539 -335 224 -631 -527 344 -971 960 324 -425 633 879
725 478 -423 492 -109 420 -87 935 580 -923 -372 950 -666 -750 -231
159 -453 -511 -771 751 -164 403 -781 -368 -241 -21 643 -604 -229 198 -603 810 943 -678 -93 -63 763 -329 -370 176
-123 -884 -28 -76 -965 -526 699 -905 -58 131 -237 960 719 324 229 -601 381 276 724 -401 -215 839 -205 320 286 -659 -672 -702 240 862 -985 -290 513 106 -345 -299
-27 -214 618 991 822 894 195 857 -33 -960 -445 114 -319 79 92 624 -381 112 65 409 824 681 837 612 -724 834 -284 324 -80 -295
215 17 -334 -760 -319 -989 903 -113 -563 -312 -978 -967 947 -527 -538 486 298 -635 -400 828 570 -873 -253 58 686 266 -641 572 370 -52 479 -77 787 501 364 -92 324 -137 457 -653 454 881 576 634 -144 525 -86 662
745 1 -225 -174 -197 168 -182 -66 -39 271 125 -474 870 968 94 -351 -369 -152 80 -520 662 -48 794 868 -240 105 800 -174 24 -133 840 -72 -135 -183 662 -696 899 -806
78 -899 434 -903 -882 315 67 -133 -882 254 -981 223 -820 -708 -993 -77 455 319 -536 -972 -215
-782 -26 -894 221 479 -886 -306 198 -656 -549 679 393 -863 101 146 -214 -403 327 -319 603 959 744
-496 -160 450 221 591 850 -621 644 -392 97 420 725 308 -137 5 301 -745 -978 -500 534 161 724 -795 -387 837 -532 -109 -694 682 366 718 -761 -762 -463 971 190 603 -340 680 939 -376 -916 601 445
-821 -917 -557 -62 725 -799 233 738 -925 422 -522 292 40 659 992 41 -470 -711 -58 638 -613 882 -239 -643 -740 647 -465 519 -825 -932 -486 -743 -134 -204 -279 240 69 -947 -193 -861 307 -398 -319 697 -779 884 493 420 -734
-229 -498 -989 -256 14 944 1 -740 -388 -557 -7 375 570 -635 900 403 -89 210 -106 -52 -408 16 -144 31 498 507 -988 -251 -192 -730 -279 -187 -729 -966 -664 159 983 -420 -714 -583
108 528 440 -631 905 -134 250 729 -177 -750 117 -468 546 765 -536 560 560 408 903 -315 -839 104 -331 -84 275 137 253 776 23 -647 -563 -814 954 -618 55 227 629 885 -210 -127
-19 391 298 -623 -752 840 -651 -748 -632 321 855 730 176 -30 670 487 713 914 -201
991 610 -278 989 859 -415 160 198 -297 -343 -238 -459 -591 -878 704 214 34 941 -383 61 -526 -320 826 574 -117 -467 334 249 529 543 871 -661 -588
-579 723 -638 918 406 893 -793 -353 358 699 -24 -897 -30 95 14 -296 -505 202 553 -137 467 102 703 -911 308 -166 -626 348 292 781 -364 -136 -68 90 848 -605
