11
33 31 14 42 28 35 46 20 17 39 12
740 -267 -915 314 -214 855 -983 481 99 482 -428 -597 762 541 724 -820 524 -229 -821 758 349 631 -655 463 749 371 -836 353 89 -631 31 -569 67
460 -177 720 -323 -771 -211 812 -901 -405 -786 516 901 -822 514 802 -919 -97 -618 -371 713 857 721 -496 81 341 461 152 828 -448 -3 603
-202 793 747 -489 -716 -983 183 -914 -472 969 -770 413 425 496
680 -451 435 -977 494 -226 583 -162 915 -183 642 -220 341 -994 -696 -674 -612 -2 -947 -616 899 -213 -672 -561 229 224 -293 776 61 515 -88 807 320 828 357 971 -165 799 277 358 -752 -606
483 -865 -408 -494 -741 416 -745 -138 -330 -959 -412 -236 328 537 696 770 -384 922 648 -720 -501 -438 237 -260 746 490 -276 -613
803 957 -168 -320 -380 -60 38 778 934 277 -733 -341 -932 467 201 502 -890 -351 -511 -250 752 354 -953 213 823 -154 493 -785 -811 127 273 842 -455 -921 -650
231 973 711 -102 -568 423 235 -229 -87 817 988 -542 600 -216 -514 904 -416 108 -290 485 -355 -136 -523 -816 611 705 -320 942 -451 -569 -959 530 -920 229 121 -139 12 -500 214 711 -330 -389 -799 162 688 -13
-181 370 623 802 -700 -61 637 375 -77 79 -66 30 -428 -361 259 27 398 955 -512 117
992 538 40 -323 976 641 952 725 -497 -721 325 -841 372 -133 256 11 -409
175 663 -307 621 130 -689 337 -872 276 -944 -161 -694 -624 987 171 -579 -538 -798 -323 -973 -464 505 -773 303 4 104 -815 -528 912 732 -656 241 -208 977 193 -47 30 107 517
-54 847 71 -945 554 334 -975 -534 -918 282 124 -375
