43
33 27 45 36 10 12 27 42 32 29 38 43 27 49 50 34 14 17 50 16 48 34 41 36 31 19 48 10 32 11 50 35 11 35 31 15 28 42 30 40 17 39 26
320 -319 695 797 -877 978 303 -297 166 862 -70 349 -725 183 -594 464 -28 19 -107 -195 37 847 -458 -704 -271 526 35 977 31 -809 -652 -173 -4
444 981 -903 -291 -249 -684 -922 -95 403 -777 -209 813 -455 270 -173 -413 249 -581 -219 -545 1 784 -59 957 396 -586 734
-292 -33 -862 217 474 424 -352 -499 367 416 167 717 925 -739 -1 119 264 393 -963 431 -320 -562 552 -293 -945 425 -288 -83 235 124 0 651 712 110 525 -775 -672 825 -3 -518 -244 552 -324 929 575
-157 -596 -747 35 664 417 748 400 26 -985 557 446 420 979 828 434 -575 -810 694 -875 463 683 697 315 -336 331 -926 -314 775 956 247 124 501 105 387 -636
128 911 -876 -19 102 820 -135 -18 646 438
-92 287 807 736 -220 432 195 -391 -256 -423 354 -219
938 780 -123 -760 -168 938 898 -127 891 689 712 -797 -979 744 -32 264 246 200 -208 55 -299 -763 307 778 -247 -869 840
-106 -676 101 339 -43 -757 588 624 321 902 -199 397 -594 -747 -379 -827 -417 -490 -462 -384 -824 317 -396 745 958 726 -817 467 203 -721 -700 -521 -468 692 -427 167 791 113 -497 932 56 577
848 -235 468 84 -2 -455 -663 929 81 792 389 817 110 -225 570 376 -687 -279 651 0 903 -920 752 511 190 -675 -203 -910 821 -605 -276 66
-134 -22 -377 345 -941 32 -134 819 -257 -238 -423 -932 815 -997 -557 -813 418 491 993 915 662 -195 -680 745 927 368 137 -510 961
-306 818 -507 863 937 -854 -442 425 -745 298 -213 -301 -360 -919 762 200 -63 159 -220 -583 364 756 -831 -299 159 -874 -347 -646 416 36 -154 493 -554 -117 -790 -144 365 -470
-837 -916 893 835 541 391 862 55 -834 358 966 924 -155 987 -337 91 -898 -255 -293 520 -601 516 962 254 51 -350 -213 -506 145 39 552 852 -737 109 476 -260 -118 545 389 553 889 967 -86
730 -616 -593 -895 -487 -780 483 966 377 881 -299 -920 -446 287 -28 114 -731 -307 279 422 710 878 -262 -370 906 849 973
209 -891 238 -32 706 963 664 174 -393 522 179 732 -752 -282 59 -929 305 -985 -504 327 484 -811 -738 -167 301 -277 -470 117 -189 724 -531 953 -824 -486 -514 -700 -573 449 -35 -189 534 -162 737 -150 -82 55 -279 513 188
922 125 -311 43 -846 926 -799 -740 580 -769 955 -659 -81 -155 61 -321 -624 273 -279 524 349 77 953 -388 320 285 681 -824 -755 -797 -819 -979 996 -108 927 650 -202 -523 945 -587 22 -533 -275 -54 -678 -232 361 652 220 -871
200 898 -503 -138 -659 -305 125 -193 14 -540 -778 -206 -476 858 -726 -276 583 757 -536 913 685 929 198 -731 -302 -279 530 832 666 214 925 149 -834 -213
-242 268 -905 -513 -558 -506 744 470 -29 -325 430 -760 -71 -919
132 -904 -621 327 234 358 406 1 789 -640 19 -118 983 -256 977 -508 -309
458 -749 -270 629 739 789 621 -471 -709 -96 -4 -473 -244 -10 -924 438 -815 703 763 -49 598 -999 182 408 -790 557 -828 915 -802 -943 44 757 -37 591 415 725 674 -421 -101 -758 -344 476 -767 -78 359 -918 -599 -254 -202 100
-520 -578 -381 -363 -214 -892 897 -917 594 954 247 535 -800 -259 -763 525
-262 584 429 -802 262 -788 536 -339 677 -238 -158 329 399 -271 425 -672 -226 -54 -80 -473 -448 807 -183 -32 623 244 239 -630 -949 563 -620 -848 422 628 -807 427 36 -344 -309 643 -735 928 -307 -231 -230 -666 -191 148
863 612 202 -606 220 -709 -217 -160 287 702 52 179 -887 252 -934 604 396 -630 -555 -77 -372 -711 -167 -942 615 30 860 -947 800 387 -235 -93 309 60
172 872 8 321 -965 7 -981 -487 -81 786 -507 925 -222 -705 311 689 -526 -854 -651 823 713 -161 -745 127 -547 -710 -612 0 597 -933 840 562 -405 -173 709 -849 -420 850 251 912 507
-846 754 476 -162 691 958 -214 360 188 905 196 537 128 972 -838 -33 -690 282 -795 162 -596 -253 594 874 701 768 853 510 -895 -314 100 612 -392 -862 470 326
17 937 404 449 888 -825 -895 -620 870 210 -872 -917 -508 -638 -521 -355 536 -287 498 -175 537 -571 129 -709 531 -594 181 599 935 -146 639
-874 769 391 -173 -425 -785 71 -30 331 -977 426 278 -953 -660 -530 594 724 845 -931
676 -180 -890 -492 619 -89 -578 156 -24 -347 -162 -611 -972 -541 238 131 -378 190 91 -774 -214 371 984 -236 -955 -65 -856 774 -493 574 -683 -218 720 316 613 687 -725 -533 283 411 525 453 -716 -437 -457 -496 11 923
946 559 -774 524 -94 513 -253 -101 -114 958
141 92 600 223 -295 984 -196 756 115 99 117 446 131 -400 -397 -497 -829 -368 -59 -263 866 -233 16 -755 -434 -843 -888 367 808 -407 127 501
897 -44 132 -19 484 -732 -245 -865 -205 -376 907
-684 -842 -842 614 -600 -977 -208 -654 341 486 885 -517 414 -363 -982 -354 -388 691 -355 -597 -59 450 -172 230 -317 -153 36 -279 600 -143 -948 -658 -98 -647 802 -234 -201 -58 213 297 487 574 245 -387 -772 -604 568 -851 -259 817
-396 737 -54 -126 892 -649 826 576 660 938 -709 -53 395 -304 891 -269 -673 -133 -257 -590 464 -411 -445 -471 -281 731 867 505 -542 -189 -805 -500 -974 -203 377
-207 -930 -801 860 204 6 -105 -160 975 -456 403
837 794 404 461 -56 644 607 359 -877 786 953 326 -412 -135 -35 -515 -609 -28 -923 465 896 214 168 -79 577 102 834 -469 317 50 36 -23 24 329 -765
628 224 656 519 389 -603 177 296 -723 -845 712 -270 -343 611 186 -442 823 -909 -4 -965 -253 935 -29 735 250 861 -193 572 378 -983 -465
-550 -246 596 -126 249 -308 -495 -428 -520 789 874 -217 -780 948 289
-811 -427 -268 329 929 -19 -838 -416 -959 -521 -33 -429 -564 448 119 -181 -242 -944 234 -281 101 312 -201 -401 55 977 -370 150
427 919 105 441 -45 -480 -366 778 807 162 26 -259 329 401 887 75 -271 -711 -352 600 -187 -530 775 267 92 -523 -508 194 -891 494 -284 795 -937 -94 678 522 144 630 633 -145 214 852
-78 -218 704 -850 863 -934 914 -116 -54 156 -910 556 -279 -915 -597 72 305 -383 112 -383 245 674 -985 698 356 408 -201 327 187 413
806 598 -90 -57 -150 -942 -513 87 361 -779 60 -484 75 -970 -149 -629 793 -73 -364 806 351 986 218 758 204 33 -508 772 239 -788 -613 -291 400 153 -992 865 -568 680 -663 920
648 -637 -404 475 -915 -205 689 687 569 637 939 -753 -273 199 927 220 -422
-222 -103 -597 617 -388 -526 340 946 -63 -381 -97 -614 699 971 830 -717 249 -188 856 -402 853 304 849 -537 906 -831 62 -726 511 783 -248 367 740 6 -545 -532 -472 835 -721
990 495 -114 93 966 601 -405 -759 -671 974 518 749 -625 -140 -388 -410 -419 -737 187 910 639 -285 -718 -828 82 22
