19
34 16 12 36 13 10 22 27 25 31 45 42 30 31 17 25 49 44 43
-693 98 -912 166 113 -969 -621 116 -115 -491 -95 -684 -193 -713 -815 260 -835 -508 -490 531 301 903 468 244 981 -441 695 710 -47 -733 668 139 823 -94
918 866 631 -904 27 -108 538 -19 438 -304 491 50 233 941 -231 -575
-283 -866 -174 -800 371 -61 498 -261 328 -941 526 81
838 -709 103 595 -673 -929 741 -694 -662 680 490 -273 956 682 651 506 -411 -8 113 885 691 -336 -958 792 225 367 -40 -702 -256 -430 534 -738 44 -951 -35 -728
899 -115 -220 214 -982 83 838 -271 -938 96 186 -380 769
-382 -960 527 -672 -820 -419 -789 520 -622 470
-423 -423 -213 335 -781 382 600 971 571 -433 -19 -593 145 -711 172 -97 871 998 621 46 -856 -837
115 585 -159 -696 785 -565 -822 344 -377 736 637 770 525 -241 -20 40 -258 -714 197 712 -642 422 498 287 556 176 96
406 298 -150 -552 -118 345 -950 -964 -834 380 757 943 -546 151 982 -144 -648 777 344 944 -928 819 -558 -229 677
-163 518 -688 -150 250 -913 -309 47 859 79 -110 -555 -927 -150 -276 -30 -86 -263 -123 413 -914 -737 -529 -429 596 551 524 -789 -790 719 -196
-838 834 -988 -337 408 -350 866 581 592 114 633 354 475 -29 463 -394 -569 -78 31 860 -671 -852 562 710 -356 598 -913 -316 227 300 -796 -679 -484 563 899 -646 -185 162 778 -813 -504 61 -246 656 -601
-565 -997 905 967 724 389 -917 569 48 280 -279 -288 91 -845 595 -254 173 820 694 -226 235 800 -707 -473 -190 497 864 201 821 -491 565 522 -12 631 -604 752 -164 -352 -88 -774 -61 408
909 818 201 360 582 -200 -30 100 -191 -193 430 922 179 -813 -426 -276 72 719 59 -226 241 18 -381 -255 527 -850 797 -87 989 -144
-970 -519 -440 862 -71 -44 -858 -312 -702 -376 112 -13 326 468 -402 548 440 631 -309 -240 422 -317 -572 -696 292 698 29 136 525 -202 -807
848 -709 640 -20 688 -183 -591 351 -613 570 621 450 80 158 290 -508 12
-218 -833 -299 781 69 -302 -364 -232 680 -220 22 -926 -950 80 708 -73 -184 -655 -100 -550 816 -398 -977 -9 -875
51 994 -457 78 427 -792 3 849 -629 -774 933 120 -162 -875 679 -384 -116 353 487 -903 -832 705 -984 -73 652 371 -2 910 -676 0 132 -591 -30 250 224 -788 100 998 -980 -383 -178 -113 283 817 135 -263 -565 -585 -901
619 -624 -693 23 -231 -359 -301 988 184 129 174 -596 -623 466 929 810 243 -762 -390 -985 689 -165 750 -295 -16 830 -63 192 295 -310 448 422 841 -985 -750 -12 551 780 415 202 593 -861 434 -812
376 -630 194 -717 -533 129 570 441 -417 -118 -451 743 -349 44 167 947 974 349 -218 -973 -256 524 507 -699 582 744 393 -721 -668 -419 15 -846 565 263 456 220 -151 772 -786 742 380 630 -409
