21
11 11 37 29 38 15 48 34 29 27 22 27 11 21 43 18 49 31 22 40 12
846 282 303 -559 140 155 733 752 744 -772 -311
-843 955 -93 732 231 -367 -675 -691 -959 -867 296
-470 812 -351 373 313 221 -263 836 771 -157 813 -364 397 925 -655 -459 939 76 -49 342 -563 -560 687 -635 -950 841 864 40 342 -260 -929 113 517 741 -951 -844 -22
-413 -518 862 231 203 -663 -228 -83 -378 182 -699 -422 -711 968 -117 742 861 -537 150 74 -399 -903 30 -472 -854 684 -524 -357 -219
-93 193 707 -256 439 952 -370 -15 -347 442 644 900 61 -942 580 -535 317 311 54 -276 -978 730 768 431 437 72 -745 378 -136 -26 -892 -769 -742 -446 -366 813 -541 381
105 -385 -840 726 736 216 -998 18 904 -976 46 827 856 -372 715
-872 232 -863 -236 -543 -835 201 -926 -257 -250 -281 887 -165 837 -50 628 -479 824 1 -961 715 859 -622 -379 372 393 -309 -459 -12 643 605 277 144 33 651 755 -62 -710 -216 -252 669 -666 428 -636 737 -809 -136 -327
280 265 -74 -979 296 -937 19 -126 32 18 -568 709 -674 -84 691 -986 -948 -209 -807 784 -365 -956 480 -278 93 -572 -406 37 436 568 675 367 -543 298
690 266 -900 -413 -964 -349 -484 817 -317 -195 -821 -794 -742 394 -231 -126 719 -433 -175 115 -77 -522 833 -846 -256 498 513 807 181
781 -928 -124 181 769 -392 -704 179 913 605 28 -32 -599 742 -386 -207 -935 52 -777 -238 453 97 131 -673 -607 -192 -416
-188 645 288 347 832 897 638 19 -183 -882 -5 48 614 324 543 -385 -334 2 335 -39 206 -863
725 -653 -811 889 -94 661 883 75 -703 -538 -706 998 -119 -180 703 -283 -476 529 -355 765 -692 -537 -622 -158 226 768 -53
-724 164 -786 -477 189 -691 -330 -132 325 41 -493
117 -422 111 38 -74 -921 -670 -87 -691 -613 240 491 901 248 396 -733 918 849 -533 251 -928
-108 323 375 -644 -139 234 -930 -748 -624 -943 -227 945 422 -468 -389 -523 895 -740 -249 178 -213 -504 783 435 -897 307 -567 -426 946 -565 389 -902 421 -458 769 -296 36 591 -658 40 -545 -737 -127
-997 -366 817 -171 421 570 -469 -335 673 -421 -108 -830 -716 -473 -594 -435 -565 -723
-13 350 -153 685 82 991 -411 -955 808 337 517 747 727 521 -320 656 562 886 -558 577 745 -107 -913 320 -290 927 -860 753 -429 -755 865 39 683 -445 -738 150 -901 364 249 -812 882 829 53 -416 482 -270 -89 87 692
309 605 -384 304 -32 -400 924 734 -430 -231 403 613 402 211 -480 669 -750 498 -869 409 696 -621 -160 -59 744 418 824 396 161 -373 -986
318 -407 -68 -237 -421 -434 -682 138 -767 67 -999 -823 483 319 -937 -749 833 995 183 -207 -144 -814
-1 -895 -854 -642 -170 -397 -355 -5 -635 320 575 -641 482 454 465 547 61 231 598 -469 -734 229 242 151 -191 939 -594 963 927 311 766 -209 799 46 -272 570 -278 -229 374 428
793 -108 -587 -946 758 972 -162 783 -198 -296 -641 -360
