39
48 49 47 43 45 22 30 13 38 16 42 17 35 37 30 26 11 35 47 13 30 40 34 26 40 16 11 43 49 39 34 47 18 11 10 11 33 23 22
-522 733 -935 395 -10 -428 751 871 -884 938 450 -286 -673 -347 -187 316 524 934 -550 7 278 150 28 -957 425 -340 173 326 483 542 -32 -755 274 984 415 49 -146 858 -135 -930 -664 659 -343 -72 -612 -58 -788 604
-57 891 964 -14 836 -745 -910 -768 -714 -742 700 954 763 780 599 -975 174 553 -483 -659 -119 -24 -275 -625 48 310 335 746 -186 -793 127 534 -189 -351 -839 -92 211 -628 -96 -505 -777 -588 763 -155 926 -490 -886 -462 611
-567 -842 184 767 -428 -703 506 -774 -367 -275 732 -824 244 903 768 809 -309 -828 -202 789 -295 -467 -678 488 426 -944 146 157 -907 -898 713 171 885 645 188 402 -537 169 -363 602 474 -689 691 -34 -544 252 -358
-48 -980 -388 431 -207 -45 -472 -379 30 637 307 -722 293 914 906 -58 -154 -620 535 -583 551 -302 19 -770 -146 -364 -981 -549 818 306 759 -146 -779 385 -90 82 975 -692 826 -11 719 -205 -622
933 123 743 281 -32 -857 745 -710 -987 215 -132 255 162 485 6 -314 -884 676 -800 -151 723 435 459 -991 -353 -767 920 815 -348 43 -430 -296 -704 -226 -257 -400 200 -948 497 -124 -243 888 222 -368 -520
-25 -205 963 854 -318 -361 -989 103 -355 -147 917 82 16 219 702 756 943 -569 400 -916 -916 -571
-903 638 -524 -489 795 -229 -967 -115 -199 503 86 -852 -789 834 -557 447 -9 971 -185 625 -756 -668 -224 -779 638 282 -880 494 407 -354
108 454 -830 -454 -302 -566 -155 -373 -216 252 648 -179 -782
315 -659 379 427 244 -275 683 556 -890 -322 149 -567 -794 134 597 927 543 -624 -268 -560 67 -658 -343 635 -479 -668 605 -693 -343 922 -239 -956 510 -775 988 -199 -153 407
-255 -196 -33 597 424 49 -194 273 11 -746 977 249 -941 -594 -720 -802
941 -587 208 -425 -49 535 -37 397 -394 -87 -147 -710 -872 567 -393 -718 515 -490 -525 13 -923 -954 264 -794 -916 -134 481 -28 286 515 -790 -980 -520 500 -245 -744 566 -708 -750 833 222 611
317 374 -708 650 -641 212 709 -837 -167 -597 767 -656 -292 845 -551 -218 -742
-958 183 262 -289 206 851 -417 -27 803 -859 -585 126 376 898 -256 -909 -557 385 381 768 -798 -874 726 827 -18 843 -926 87 175 -267 308 737 630 -406 929
-566 13 526 -195 -65 85 -222 -92 118 616 -687 -993 -756 975 40 -813 -769 371 -690 -572 -62 348 -620 993 745 419 -888 534 -989 35 731 563 125 -391 -52 879 689
19 -427 -513 -715 -645 -262 350 580 -51 -889 -23 434 81 -534 502 -501 619 431 530 220 -453 296 -874 680 539 -298 943 827 972 133
931 228 -210 505 698 -989 -4 -299 812 514 -407 -999 -60 755 368 -721 -813 51 759 -599 -29 167 -937 -309 878 110
523 -946 601 322 -815 -807 973 933 -438 135 332
213 -365 -154 -868 -169 394 195 555 290 254 -929 820 -834 -704 -639 252 -917 -728 374 -486 278 480 -800 372 959 596 -832 929 588 -1 -350 -358 915 415 67
472 -907 -555 836 935 944 212 576 -627 316 -224 764 -220 118 727 531 75 486 370 -303 165 -100 -688 -502 -750 672 -602 927 -493 -279 -546 886 -485 910 309 149 -83 -898 337 -440 -255 -966 -104 450 -559 199 103
-72 -330 -302 807 -464 582 506 -348 -213 876 536 643 71
643 -931 411 848 -566 -118 823 321 679 -543 848 438 482 -627 109 -564 133 840 371 -545 184 786 733 600 865 -786 663 -732 -242 696
-393 427 -573 957 922 -908 -67 794 667 594 102 -339 104 810 -228 -137 707 -709 604 898 -447 929 -297 -835 398 101 -914 887 -38 -412 20 -40 -419 622 -237 -818 -937 772 -971 129
-572 -276 301 912 -615 965 430 -510 -231 495 576 896 496 -376 621 128 141 -681 509 895 64 -250 858 -854 281 570 -658 344 616 -408 -26 910 77 750
934 988 -275 -370 441 -132 -371 -521 207 -963 718 -748 -573 -405 80 954 -740 663 950 -661 960 990 244 85 -191 525
-922 874 161 -722 -353 725 902 320 646 -509 808 -15 683 -369 -150 204 6 522 137 404 616 10 -55 89 -316 649 170 -144 773 686 508 -878 189 351 210 991 -456 668 311 236
939 329 787 -603 55 -491 -724 -638 -503 865 -167 603 -403 430 335 715
625 922 -135 690 348 -444 241 -442 -127 -947 438
-849 661 982 -411 578 695 386 445 -703 123 492 -278 -630 -566 -113 416 864 824 -264 172 559 -309 -473 595 730 524 442 -708 542 -890 -56 -72 -374 -129 51 150 305 -477 -98 -665 -712 892 753
-430 -471 945 -796 559 581 -506 -52 -169 -7 -956 -515 106 647 -578 250 354 64 65 -994 613 358 -69 370 743 214 98 249 -418 -109 13 -120 860 939 943 980 358 174 -277 -903 521 -721 -86 223 -897 -757 -705 237 -741
626 -746 29 -693 -182 -69 911 -740 -673 -529 -345 -886 -497 -124 682 -32 795 -827 562 -240 205 357 -278 75 -335 -925 -311 889 424 640 -175 350 675 877 436 234 93 -654 -475
-27 574 -151 -904 -268 595 977 -124 973 -211 -532 4 54 678 190 -303 -401 569 -847 -843 -267 407 -399 -358 -438 -485 763 -259 -984 -523 -892 -96 772 -87
466 -613 -9 -558 -376 424 -50 -786 894 796 63 -32 -838 -578 339 -458 686 -688 246 398 308 -613 -16 -851 -97 807 364 -118 651 325 627 -73 -811 -634 588 -886 151 162 -957 -484 -476 -526 420 -660 810 506 283
-641 -832 -518 854 -633 289 785 934 930 648 -203 -479 897 -669 201 77 -435 975
-480 817 652 682 -607 -581 124 -53 507 -96 -167
188 676 -836 581 -153 486 726 -234 -260 -917
-549 -761 -75 938 -4 169 -440 71 438 -418 -803
839 -635 -553 989 -863 569 185 470 -184 -210 -842 888 952 79 -53 304 941 -419 523 171 -455 130 -198 827 369 -65 453 -442 117 345 -556 -227 357
550 -895 404 -450 40 495 904 -271 -698 -130 353 -38 163 -817 801 391 -531 -125 268 175 -18 -921 701
-83 635 865 331 -138 -187 -147 739 980 465 801 728 -584 -339 -253 723 -921 -761 -96 47 -501 282
