35
17 13 38 13 14 46 31 28 20 15 44 37 19 18 36 17 12 19 20 12 11 18 47 26 45 24 20 25 16 37 41 45 17 30 25
-26 -692 -395 996 -390 112 -337 -442 788 -284 619 113 99 429 905 167 -654
912 103 772 -304 -715 -350 35 -132 551 -877 -491 321 -887
810 -790 505 881 522 267 492 -236 -606 -945 -167 -150 913 760 730 281 -304 425 -218 838 -439 -647 -365 -855 303 79 -912 972 903 20 498 -887 508 -536 13 -333 -131 -672
643 568 -861 948 994 865 804 156 105 840 827 -46 -739
230 -103 415 -578 -458 19 -837 -479 609 -746 -24 -322 -918 67
-660 214 750 524 941 527 162 -925 197 39 -461 -916 169 -688 70 -587 473 809 925 609 916 -892 839 -314 296 957 320 770 706 409 976 -284 201 -968 556 417 -929 -965 -752 -541 373 -293 -58 -200 -119 -13
593 181 -568 852 162 679 -727 -725 -956 539 -236 -186 97 135 422 -59 931 121 -113 -121 -935 -191 616 -636 392 -423 -472 220 39 -75 556
450 -162 104 466 697 513 -458 965 -114 -523 529 -230 -269 -452 64 -205 -488 -836 -964 882 461 -721 -39 -318 34 497 -256 -908
-955 -796 409 614 228 226 705 -207 -566 409 -245 461 15 461 -667 442 -776 -68 98 -873
358 801 -420 802 -433 314 -539 -817 194 -956 -351 816 -878 -916 792
213 705 -739 927 -636 564 841 -567 767 867 908 -749 507 129 111 859 -944 -856 -649 -958 -399 -848 422 668 -533 -573 -85 -405 548 349 -39 -843 -483 961 -301 646 -291 -465 -88 360 -983 -175 629 -42
219 650 306 524 -99 115 934 -41 583 695 859 768 201 762 -33 -119 288 -830 299 -700 -253 -330 -810 -431 260 576 -215 -42 778 216 -698 272 652 -568 -391 67 460
574 -294 698 1 -326 892 -121 -627 720 814 83 886 392 816 555 -93 648 -596 446
909 -72 63 604 -592 -839 -489 -103 -462 861 874 -198 -721 685 -983 -48 -136 -421
-508 -750 -965 -621 749 932 -678 191 -421 -498 -89 582 123 387 -85 -352 -225 321 642 553 425 418 233 575 -564 764 426 -873 533 419 -776 9 315 -454 -529 -379
-969 288 646 -655 9 -952 592 -533 921 -368 87 911 426 751 944 972 785
-939 433 769 -578 882 -329 -768 -855 -525 694 -398 130
-488 -89 -865 819 -438 672 445 903 -566 682 -203 -196 85 -96 -836 175 -53 852 729
524 -744 789 -781 854 -69 768 -80 -663 748 -397 -282 -313 265 419 759 675 671 -895 -42
-461 64 -755 -282 -663 16 -801 -918 -903 570 51 -588
-837 -904 432 231 254 -638 -531 705 -185 -649 420
159 -62 462 -494 79 345 945 266 213 -813 114 -367 639 691 363 366 -540 -795
322 -360 501 -892 -531 -88 -349 275 261 384 916 -458 -487 538 577 584 929 260 522 365 -872 -6 776 635 -405 932 -438 -882 -839 -65 -214 -255 943 419 -615 -316 -210 661 460 724 677 456 312 963 79 51 565
-594 -936 548 28 -736 -407 -305 -533 198 -830 -74 -130 390 654 -504 827 -375 -38 -926 734 823 -984 -666 -918 -932 -172
248 289 990 -445 467 735 -748 308 173 11 667 -463 715 -724 -257 -695 137 -378 201 -142 -619 -44 -945 -278 -811 839 -774 801 -696 32 722 657 260 206 490 -156 -166 -273 875 -733 -39 -122 -933 149 300
334 -654 956 -742 184 930 -395 -440 -555 -69 -533 613 -344 959 -80 -490 936 -781 -694 179 788 761 -594 99
967 702 19 917 115 163 -26 556 318 307 -111 -42 900 217 674 -492 -834 -928 918 698
-670 128 -707 951 221 -973 -474 929 673 245 -521 110 -759 364 757 129 -846 490 68 259 822 -720 -222 897 -569
-972 -980 217 484 -345 986 -784 128 403 822 515 892 125 232 780 709
123 435 904 750 699 -414 897 -784 380 -894 804 292 575 -596 810 921 392 158 165 -782 779 -728 163 924 -89 559 -766 280 959 430 725 -987 -942 837 899 -2 -645
-552 -70 138 994 346 -645 -434 -473 -179 811 -727 191 -946 -995 805 -813 -794 97 509 -677 157 346 989 -18 130 391 -514 -515 373 294 -790 998 -848 -641 303 -159 128 478 59 -6 -628
877 -678 77 -829 -592 -91 -835 753 -706 -916 -692 -17 -125 707 -967 -625 21 -163 76 -859 -534 -344 -262 -217 -572 21 -516 -484 -924 164 726 782 -935 -119 -928 -989 -292 -665 -462 806 175 -818 860 -251 290
-717 728 -940 -134 702 -265 661 351 373 -785 -434 966 -103 923 398 -599 531
624 147 -102 -667 768 843 -878 -970 889 464 -604 193 760 661 686 383 -410 135 -873 -894 -232 -777 -484 672 438 992 -340 -297 774 799
603 -615 931 312 851 -37 -78 206 -282 -163 -207 -289 -49 521 -460 552 211 -834 730 37 493 44 299 -235 -586
