30
30 25 16 22 34 32 28 26 44 40 29 34 15 39 41 27 10 14 42 41 11 10 30 35 39 28 30 15 39 18
586 -106 769 -323 -468 853 244 594 -288 458 -179 469 -773 531 407 299 -772 -28 933 654 639 -232 613 439 -967 855 -767 -543 872 506
471 -573 -284 491 564 26 79 855 614 256 563 279 586 226 50 -236 362 -70 -901 -661 222 -227 539 -286 -574
765 -46 -678 357 -684 262 -385 -884 -172 -274 -649 284 499 -12 964 452
442 -12 -914 -795 -263 162 438 973 483 74 640 967 -932 509 -557 -190 764 563 447 55 -855 -170
-758 61 247 422 -511 518 -998 820 583 955 579 -154 240 175 197 114 368 -895 846 326 14 -734 698 -925 847 -635 529 988 -883 905 -887 -924 -531 -350
612 -280 -129 480 692 411 429 394 670 -923 908 -905 -932 427 455 -843 -961 -209 -328 799 -881 -851 -257 83 -530 205 -15 -142 -943 -591 35 93
259 68 -702 -50 782 -547 -543 -976 -241 -46 422 262 -151 369 593 425 485 727 -985 -309 -776 -770 -316 -196 13 880 -555 705
-225 82 -21 947 580 -80 121 -603 -437 -233 481 661 -140 -208 -167 -129 488 290 -662 837 558 897 -515 -914 785 529
844 -210 911 490 480 911 670 -479 758 235 471 421 365 54 -581 943 653 665 967 709 583 -364 688 -607 893 -126 -271 -540 -500 -443 -913 -731 848 -839 175 -284 149 -459 268 -572 -5 880 -931 361
-174 655 -498 537 -712 642 -505 10 -229 -781 -857 645 59 661 -206 -38 377 806 252 -970 61 228 142 -330 -738 -412 -240 528 -167 583 -892 -807 113 561 -893 -581 441 482 -752 -897
-858 -844 -575 332 -567 50 95 371 -164 889 106 -934 805 -477 -782 38 -291 -67 -273 335 -82 722 -526 -954 566 -532 -159 425 340
-772 -398 -99 723 686 856 672 -468 100 -625 -788 -952 -304 -400 -589 -802 -365 126 -269 -850 -979 -584 238 -810 599 354 -337 -67 750 503 -617 382 792 -526
268 231 -794 553 -820 -806 935 161 742 -22 366 -547 -983 -145 13
661 -313 -510 -494 -434 -359 -806 -401 -470 384 -346 -624 746 347 274 -407 534 -534 -778 25 747 -216 631 -494 289 299 937 51 -450 683 354 155 -879 -553 484 526 386 -907 685
-984 443 574 481 520 -625 451 -890 -913 -836 16 -138 969 375 764 -479 -797 -966 825 207 122 30 -504 5 14 -920 564 -207 -856 -154 -205 -738 550 909 972 507 -291 363 -983 -772 -325
-471 -720 -521 -739 911 735 855 550 597 -684 372 -807 -543 469 450 -669 -476 241 129 -499 266 -585 -986 628 753 -648 139
520 560 -875 962 -694 -844 304 -366 -444 -148
45 -208 183 -140 -683 270 27 507 927 637 299 -109 -781 -443
346 411 267 -129 213 658 -746 -601 609 792 -283 -848 529 17 -959 312 -590 298 178 -450 10 993 72 -307 -663 51 -669 -123 110 -358 -367 785 112 -351 -15 736 -494 99 -184 -724 500 672
68 -308 897 336 741 -472 -106 176 -778 578 965 -281 971 -22 -570 15 34 106 -211 107 -542 768 -958 -139 -909 291 544 559 443 -768 439 548 -810 -982 295 105 189 -557 -120 560 -696
-36 853 -536 131 -491 748 346 -244 315 132 -784
91 85 -268 -625 -529 -854 -496 -36 -173 -204
-690 780 -527 38 -773 -27 264 -680 -632 -128 -986 -388 62 -153 450 91 -756 -980 -584 -438 -396 662 926 -178 -731 -46 6 -249 -148 -529
-178 526 -891 192 860 381 -20 -480 765 -215 -238 724 -193 596 -55 219 493 370 475 739 533 -658 405 743 583 675 -835 -720 -495 -271 115 -360 227 -594 -687
144 -656 406 155 360 -113 -18 322 296 228 -76 -874 196 -804 -651 69 961 443 -273 -212 -594 981 6 -219 -12 -660 214 -692 617 201 -547 -495 -93 661 47 -870 -362 -330 697
592 173 -479 873 0 56 140 681 -324 -603 513 -615 372 -480 150 347 408 377 -637 -132 781 -290 483 790 -592 -240 -115 -445
-667 602 -423 -35 725 894 -201 761 477 -554 95 -780 -778 647 -456 -552 677 540 746 -231 146 515 824 932 -336 864 794 885 -195 -441
165 -834 -591 -426 689 931 -112 -112 -571 159 -678 42 987 695 -886
436 813 -86 943 957 857 -30 473 -972 -443 532 334 -99 -184 880 457 -390 -253 -490 -443 125 -353 -30 -95 130 781 -535 -950 739 -711 436 894 -449 -389 452 -249 -304 -272 -843
-319 -889 -356 305 -571 -9 -360 809 -23 535 226 209 664 -471 -458 503 -89 -417
