13
29 44 12 12 21 26 28 42 21 42 40 27 26
-690 -118 -992 103 821 377 889 -304 2 69 646 -588 -647 -914 613 657 947 -519 100 -563 -717 967 -668 889 -984 -992 -447 -670 73
919 110 -871 -173 -657 -307 306 652 641 -913 -584 -933 870 148 709 -940 342 -406 -475 836 215 -904 587 705 790 -917 -629 324 -72 915 792 540 255 -623 -176 -811 762 614 -181 121 122 376 -126 585
94 -1000 731 -87 743 -95 -61 631 -398 361 -161 456
-924 444 -943 -300 547 204 647 222 -187 -403 583 -521
-934 500 -472 458 -400 -887 410 801 452 -223 262 -442 979 563 -331 372 -434 -35 800 -387 579
-534 -908 804 -440 937 127 -487 241 592 -473 -950 -809 -438 -183 813 -767 130 958 -834 790 -947 151 190 766 -931 985
-437 -102 665 -544 -247 -181 -25 786 -102 -454 131 500 -976 608 -366 550 -573 -534 240 289 465 499 65 -877 -449 -486 -649 790
904 -364 -503 -343 -863 -134 -788 550 -799 173 606 442 -107 -626 770 543 -260 745 -848 -210 -955 -722 -10 178 136 -636 139 -448 468 -557 -711 783 334 -667 -35 661 89 916 75 -811 861 35
-605 209 -231 420 -849 760 -546 359 -301 913 434 -163 98 537 -309 160 649 -805 -67 373 589
645 -832 492 464 -56 -462 -855 -590 -596 867 50 341 366 296 -120 -455 -261 -205 -27 -514 -249 289 -258 598 490 885 339 733 -916 0 -194 -174 -134 670 436 370 -698 434 -298 -986 -20 -320
-749 -172 -995 240 -702 742 -1000 -702 -562 855 -255 628 -194 -286 -210 749 -341 -26 -401 378 616 -583 915 790 -594 444 -787 -343 182 682 494 -311 622 301 878 399 -27 77 -189 767
-374 -469 177 -850 -529 689 -12 -725 853 365 -39 444 -361 851 -261 -256 -592 239 737 784 -289 771 -537 26 -207 -179 127
701 38 -245 798 -971 817 -305 -297 -638 -184 -76 750 596 -1000 -321 -765 -982 327 305 -715 -448 456 -973 -743 59 -202
