30
50 48 37 31 13 15 10 42 31 50 42 40 13 15 47 45 30 27 30 42 29 39 24 17 46 18 30 21 48 37
-100 -30 -534 -523 911 -146 -852 774 -734 600 -789 -893 748 -755 -793 499 -833 790 -802 82 338 -822 269 -986 -891 -377 339 42 195 -603 456 -355 633 -596 135 -130 594 929 -473 -175 -479 -270 -315 79 -529 93 -791 -162 166 576
-443 621 -692 -420 814 -706 652 -511 514 -745 432 -229 -353 -921 -66 -803 -213 59 -826 299 535 129 780 -404 -674 -783 -48 -921 528 -1 296 -203 -27 -764 438 335 383 -485 -368 -534 -750 -356 203 145 -445 -9 695 625
890 979 -204 608 157 -953 243 861 -600 -858 -316 662 634 538 944 631 756 724 -868 -84 -121 822 523 326 184 -539 -5 -138 372 941 -332 -254 -930 280 322 -894 -300
-256 -790 213 638 171 992 -593 577 178 777 -603 918 426 639 -488 -569 -421 -947 996 -986 983 -711 -645 -684 198 -178 -989 -830 -802 -834 617
928 464 -184 162 50 891 272 676 34 -670 -896 984 286
774 17 138 -997 109 -945 -428 -885 -764 674 -543 739 550 -561 169
-318 -773 -436 -40 943 886 -651 738 821 -282
-994 -487 39 -73 -588 -10 -444 -280 -544 152 -656 -606 181 -647 596 884 88 -174 132 -266 -994 580 301 674 -856 281 225 -652 599 983 -979 104 -548 -833 656 176 -350 -737 66 372 873 717
-888 768 759 -366 -554 -316 -350 841 -499 -263 -581 -118 442 201 818 -360 783 -214 -690 -67 -103 927 307 -703 793 281 681 -827 310 17 468
-193 739 -320 615 -587 526 -144 -409 -888 -11 -959 -292 459 -939 -830 471 900 908 -581 513 320 509 188 -211 -299 85 751 -863 -748 -782 880 486 -343 470 584 719 709 -966 33 596 -775 629 -325 -2 -301 310 -622 675 886 607
-957 -123 486 507 743 417 -328 -831 -160 410 453 -406 -957 -664 -554 46 768 643 55 -246 -248 439 -515 793 753 -43 384 -823 -927 -996 403 -131 277 -103 884 852 565 16 814 361 858 -289
607 -508 184 -640 -43 -922 770 208 515 814 -251 -436 -937 -534 -809 -109 -4 226 677 895 854 -472 117 407 979 864 92 463 -837 353 661 -337 585 214 -524 702 -369 -721 835 -947
303 -19 -427 -355 -741 955 990 -813 261 603 930 -340 960
258 300 -99 278 -222 -729 302 164 95 -17 -200 -164 -452 623 -763
841 247 620 987 -121 -58 340 276 -768 204 -563 -520 -739 -678 781 -547 -707 -919 674 -46 817 38 -766 418 -685 -436 -782 981 538 322 -500 922 290 375 -441 768 -587 -379 710 427 267 447 864 748 -98 -618 -371
-593 331 780 606 96 -955 942 -127 -833 -137 760 679 -368 114 -583 -389 180 927 -588 94 -910 -70 -318 -523 679 -437 -506 -240 287 -625 -520 268 -133 727 -309 895 720 -345 -528 -909 794 -702 -835 -756 -626
688 -746 -752 -118 104 -455 -298 192 -380 -824 -1 266 -460 594 819 -792 575 -696 207 -685 767 -802 -458 214 -924 502 982 -727 -912 20
174 -758 -53 -923 -535 -730 125 523 141 521 -899 721 -11 -862 -868 -264 405 -711 -622 -471 -340 720 625 902 -312 940 -406
-119 489 954 -695 769 47 -411 862 846 180 767 -509 -196 946 182 -150 -612 -401 660 -75 926 -832 516 862 965 -13 912 -403 -983 844
679 -894 -801 -948 407 80 926 -255 301 552 -968 -274 -152 -701 -35 384 -14 571 197 -359 31 690 -403 368 163 412 -98 225 -788 956 109 762 284 -534 5 -279 -769 95 -451 -491 276 127
13 -545 678 -187 837 228 353 -921 -787 -925 -449 -40 802 -651 599 378 -682 511 -562 -167 -708 105 -406 291 -224 -718 987 109 -944
-688 162 55 -307 649 297 -397 795 78 87 58 -404 916 -682 -550 -876 -283 -588 259 368 -456 -314 375 -815 669 352 88 -578 -314 822 471 340 456 912 -85 -358 709 497 -984
180 137 789 -82 429 -358 919 79 944 203 -194 -82 -140 896 -253 -41 887 815 -214 313 359 874 -69 -633
392 -804 -153 830 -147 172 -186 -851 -277 402 -409 739 461 381 -101 -135 943
913 -414 -540 -96 -341 -775 -744 -425 948 -351 801 -871 -523 553 30 -43 492 716 549 411 -962 321 -147 -445 294 178 -749 -555 607 509 -470 430 596 404 -603 -55 20 -516 -453 -913 -222 -946 528 245 975 609
-143 439 743 748 -138 -490 -962 -697 518 398 31 -778 -905 85 -49 -118 -718 290
-780 -216 315 511 974 -877 435 -764 742 843 -530 -913 -972 -923 397 177 -622 334 -603 -955 728 -644 925 311 -434 354 874 -119 788 -442
263 -24 175 132 -66 760 446 237 -188 -418 861 -135 -94 264 898 715 250 -873 -268 60 -22
-64 911 -81 510 988 -968 -528 231 -125 -511 -524 722 -37 932 -707 626 334 526 203 17 132 -197 -167 -529 405 -996 47 -434 -452 -689 201 -555 -790 948 -831 -984 -264 126 85 -945 -213 -495 -167 646 -995 -613 -818 80
-217 -211 -3 819 704 -571 533 -26 -963 495 -168 406 -793 587 668 259 418 -810 835 -742 704 424 612 -22 -484 -978 450 -28 370 -881 26 482 855 -548 38 -663 -883
