25
15 21 50 41 24 39 33 11 23 12 44 15 31 13 10 29 33 35 31 19 14 34 31 48 28
-900 -312 -622 787 -944 -595 582 -766 173 -757 238 -730 472 193 -691
-256 461 56 89 -71 -212 487 232 -794 -17 777 453 835 -265 -375 651 800 -582 -764 936 118
-425 103 -446 616 675 -829 -234 -278 -772 38 241 736 -484 952 261 76 -444 -644 639 522 -291 175 463 -710 -983 834 -533 235 329 -355 -64 -308 527 -829 264 289 -248 815 -822 141 -56 560 975 19 318 -831 883 -530 311 -115
501 401 345 308 -183 -265 -134 910 -302 -491 921 -416 -610 417 950 -593 -701 933 536 -954 -738 637 -496 809 608 -909 502 62 -929 109 -33 -697 -603 -858 329 -489 -563 969 -290 -339 -122
126 447 -157 -793 -178 701 943 886 -330 962 -657 313 -127 828 90 514 280 571 -119 387 -233 -232 437 -903
-733 -948 -699 -354 397 -657 875 472 -305 593 420 602 -695 117 -295 -497 -92 955 475 -41 728 -43 820 -174 -808 928 712 -377 519 -735 409 490 -293 -82 952 753 -470 -387 783
456 -281 269 15 -380 891 -602 13 428 -916 -416 -687 -557 -299 611 -35 144 -629 326 468 770 -847 415 -508 -110 159 518 263 -173 807 778 -808 -895
-76 -793 37 -615 -566 627 -216 695 463 -723 303
659 -163 985 368 216 -49 -357 231 430 971 -343 -888 343 -632 -394 117 766 148 521 -835 248 774 710
-865 -915 299 427 829 -524 317 326 -394 242 -882 -84
-537 -477 -586 -991 -433 -760 476 513 -708 509 -625 828 -249 510 247 472 570 -838 395 484 165 -125 457 -262 -185 -872 528 -115 114 -426 311 -763 603 426 544 516 295 -670 -577 -824 -301 -244 256 -617
-395 -36 236 -760 -775 -525 612 -738 -269 -960 -769 901 733 186 -443
823 639 -194 -994 -336 -895 172 -996 296 -224 808 212 -518 -808 188 117 127 -377 -538 -433 -568 -555 -624 -997 -139 561 -44 -651 -418 -169 -166
295 606 -256 80 323 717 -374 -146 625 -983 -852 389 -799
-253 -622 -150 306 -473 838 158 -781 280 -370
-184 944 -108 724 724 747 -151 -35 541 83 541 425 466 289 380 752 528 245 232 82 -202 -531 -283 933 301 636 -21 542 957
48 981 670 -236 -831 -981 88 -931 -459 429 444 189 564 -350 -618 -680 187 -474 -979 492 467 -471 784 788 -650 -119 385 -570 -626 -971 553 -452 655
-471 -133 -698 -710 144 -698 297 -494 888 -585 -174 960 194 231 -677 -219 245 -82 -335 135 -959 -580 199 -647 -602 317 -85 329 -31 -662 339 -241 238 694 -741
575 765 -970 -373 946 -738 273 -131 862 720 755 162 531 -363 -398 -918 310 -300 65 -442 193 938 -646 104 776 850 790 -351 164 -555 441
115 430 571 257 -105 -371 917 -551 18 -231 -153 -259 28 -362 705 698 -56 -94 -842
957 809 -433 610 238 -159 -936 921 496 -123 854 304 -359 -337
249 -761 173 -762 558 -361 476 266 607 355 452 433 -581 -874 303 608 -733 -845 -478 22 -128 -749 -792 439 155 -375 267 -30 95 -755 973 886 443 924
-9 -336 -172 4 509 302 194 -243 111 -924 70 -160 -617 347 929 -507 -192 36 -385 753 12 929 960 23 199 659 -352 -587 345 8 -158
-3 -169 -743 -802 734 -456 -229 -909 -123 -168 83 -469 594 -310 617 960 833 519 -628 124 -268 104 764 -922 -248 289 -382 -997 986 -944 218 -961 -283 -405 856 458 99 -655 625 -785 -426 -427 -953 32 -242 604 493 821
147 -668 -739 -262 146 -808 261 -58 -103 340 -20 -823 807 927 -499 -732 760 -672 508 110 845 -188 677 -327 -504 -913 -812 839
