29
44 21 34 30 32 50 37 28 15 20 28 12 31 50 50 23 41 17 33 13 38 16 10 35 24 23 42 45 35
747 -949 -28 887 664 69 47 31 -167 -622 169 -450 -63 202 -329 -28 -835 211 985 -743 -230 404 868 223 626 -938 -606 -848 707 -192 -363 891 635 -722 -804 -496 -56 840 218 -614 43 -156 -281 257
864 706 -549 -830 72 348 964 -441 -433 -285 -357 670 -300 717 981 -724 286 -553 -317 -568 451
716 -496 202 -933 924 -558 -425 -189 -598 -809 -776 55 -270 -440 -147 -383 49 -697 805 341 982 -777 324 -520 -528 -873 32 -191 29 -483 349 -782 -749 937
-924 943 147 -661 -571 -556 872 929 -909 887 -349 -519 122 -14 212 -909 -17 -319 -66 -568 542 -288 60 981 -105 206 -893 -752 -716 993
95 580 -656 804 345 308 417 142 406 368 -936 -785 13 872 639 656 754 -378 118 -532 471 -767 767 739 -589 864 607 591 180 51 891 15
-570 -635 614 -102 -575 717 350 934 607 653 262 -922 -320 122 246 -28 433 -70 -789 213 37 451 -475 -713 299 133 85 -89 928 -564 80 115 825 268 857 -441 -794 -848 -593 -835 87 738 -186 416 92 -353 -526 -293 -9 494
-346 815 652 242 -190 395 -647 -41 -52 471 -925 700 789 597 121 -568 -398 -974 -592 733 494 -590 924 -600 -200 771 -648 167 767 338 -48 892 433 212 -714 -304 -309
360 415 381 -889 404 99 657 -196 -740 527 -669 -298 -823 -797 717 367 -177 221 99 885 -706 -254 53 404 323 784 -156 -871
73 364 -910 -231 105 -287 725 898 708 445 -921 -44 -185 -374 618
-627 -368 569 -462 468 860 -164 -409 21 769 -626 872 -501 -37 -330 908 201 879 664 -470
999 532 123 337 -768 -161 428 299 145 -565 551 -822 -949 -975 -240 210 -204 785 -3 -133 -62 363 395 673 609 66 217 -738
745 -534 287 -446 103 -532 -696 330 50 571 553 956
-385 449 -779 392 70 -334 636 -825 272 -27 -755 232 625 -230 -163 797 -930 -502 425 -857 -185 -166 -167 664 -326 749 -246 -732 192 732 687
410 336 -762 -610 367 -367 670 -575 -851 -94 32 -105 -403 646 427 986 -98 634 916 412 -657 -137 551 -598 590 550 545 -485 371 768 -674 904 187 110 -671 -642 -419 229 885 -676 -990 197 678 895 581 -237 -7 -178 -711 552
-614 284 -647 -696 -36 -643 -284 526 905 458 -320 52 -18 -574 -82 -621 -952 278 931 -308 -928 686 -507 592 884 215 -286 -641 -277 413 508 -131 -214 -77 -41 417 940 492 -882 -89 917 -862 815 -563 -270 -954 722 -647 412 536
-156 -977 -594 978 -584 967 -478 -569 -43 -257 -349 -792 119 367 -854 -440 -716 -778 -337 -570 590 6 -167
881 -400 56 444 470 169 115 776 566 -189 645 -735 -43 346 989 -495 557 -47 81 636 62 -688 53 -67 -879 -149 383 607 -488 -49 401 -395 -219 -484 151 -1 488 -926 526 266 -781
-725 897 912 11 477 977 284 -910 421 -512 -132 -85 -703 958 -68 -297 -849
-114 -862 682 -293 280 -542 -105 925 815 -259 -308 738 156 219 -74 -684 -906 -954 841 -128 743 151 281 -1000 803 596 -247 192 -558 755 -239 -384 163
-248 -499 353 -484 779 349 634 973 595 678 -959 142 985
-479 -932 419 -244 -932 915 56 -178 555 425 163 -243 -612 -740 619 -182 -177 -38 -936 714 -398 -46 538 -606 993 357 -248 909 539 -364 686 -853 901 147 994 -969 -898 -853
277 -895 143 -512 518 220 -822 677 319 990 -249 809 944 -463 25 -583
-801 11 417 -960 -701 517 586 658 321 -892
5 -693 -927 -204 265 243 388 427 993 540 258 516 -961 -711 -981 689 487 -80 297 826 698 -632 715 -100 -767 -43 334 -129 365 759 837 555 355 -835 891
-645 982 708 383 19 74 720 630 -739 983 883 -154 -10 242 -55 -439 -809 818 -218 -930 -781 571 41 -358
-909 151 -533 -921 -878 -851 -939 -924 -823 880 -582 -369 858 -631 -115 591 640 -562 965 -297 982 -715 -63
-252 -782 -408 -810 104 610 -911 -460 -755 -2 818 922 -108 269 396 754 -183 470 511 210 103 -135 143 -526 -956 995 633 572 -995 80 563 533 695 973 774 834 -686 -701 954 441 89 -986
154 388 394 -478 120 60 495 803 -828 -133 -68 -181 -541 345 -322 -405 85 -793 -768 408 -351 900 690 397 442 665 -543 394 -732 55 -351 -60 -620 -772 476 -307 -774 -179 -249 569 -667 -123 696 988 -707
827 -709 523 -811 757 491 675 23 582 853 -929 -420 224 -405 -175 -954 -384 619 80 750 -95 -988 -595 238 255 730 -185 -444 -801 213 -722 -204 131 554 -703
