18
11 47 35 16 26 43 28 28 42 46 36 36 22 39 33 18 16 12
-67 -540 -194 -832 523 470 431 -345 -398 -278 806
-933 -191 -927 235 172 -389 858 -308 -225 526 -341 -422 -713 852 -907 120 14 2 986 -815 20 -436 -898 959 322 -186 98 -749 518 542 569 -433 268 171 -799 -728 -895 -484 -564 -322 351 204 -953 -171 -488 -467 -817
931 -588 310 -295 560 216 351 346 -584 -371 658 -661 -785 -438 -448 984 741 699 446 594 -846 635 434 -546 936 -63 -385 -340 841 -360 62 558 -539 493 -142
929 923 -975 -410 635 -805 377 -218 -238 -930 -380 -953 158 703 308 -813
669 10 -617 77 716 -99 143 692 858 -177 -433 -109 -324 -987 -248 -609 92 -772 271 485 -773 -769 -767 -866 67 -545
-8 -824 233 -448 -701 228 545 993 -425 -113 496 -465 -903 485 220 546 974 -255 159 554 422 -239 548 -467 -349 -966 769 -108 331 -244 -716 -315 -196 -275 -809 229 -159 425 -572 681 667 -778 -663
277 136 -382 858 895 -442 -329 701 -183 59 -74 141 453 -891 357 448 118 -364 -907 -201 -337 13 -54 18 210 -80 726 928
-515 -913 -908 623 49 836 -303 -248 798 852 514 -65 -388 296 -176 -397 -987 571 -328 16 -685 665 -211 -468 -709 123 251 297
-117 931 -415 976 -74 435 460 342 18 536 -672 555 -134 110 -87 169 734 296 149 474 -514 321 -258 587 459 -253 863 844 -25 315 -838 -885 315 -57 -895 -676 -652 592 -984 33 644 -787
409 -714 -989 -296 -458 -555 -293 -423 260 496 -832 279 452 -817 435 557 -402 389 -395 671 -287 -985 -789 -873 220 529 -385 -370 551 -701 -915 -173 22 649 280 566 209 972 362 984 134 -505 164 -609 160 752
-960 -703 -812 -209 -708 968 186 970 59 -644 396 -554 -741 -31 714 -940 770 -411 280 -195 642 228 -52 -354 -802 959 -384 -868 -140 -578 380 543 -90 -773 -432 -833
129 -926 -286 -799 981 -500 365 -796 188 645 106 587 -93 688 -514 28 684 -517 577 989 865 -402 -734 75 -759 -517 -604 -493 493 -324 559 520 -580 280 205 900
-968 953 -435 718 169 -931 -723 643 -242 -218 -400 491 -228 -718 249 560 -380 -233 -288 304 158 602
317 -637 -309 121 -734 28 661 486 -644 163 612 -37 760 -478 160 86 924 289 95 35 105 -744 -124 -701 836 -736 660 -951 223 232 -162 -6 -759 -429 -243 -587 -771 -645 -140
961 -665 -254 -718 -758 -837 -540 -383 150 -922 -718 -619 804 226 396 -82 503 -158 646 -103 514 320 -40 437 325 -686 145 248 -204 -615 -834 -317 125
314 -939 721 398 806 196 -79 -575 -23 979 -645 811 -633 151 -374 59 99 810
-337 759 126 654 133 -541 -580 -209 -701 101 96 653 856 779 -409 627
276 187 -919 -279 986 152 -810 992 120 -669 -572 -825
