37
28 16 15 19 40 32 10 19 28 42 25 37 43 48 15 15 17 12 35 34 19 44 47 15 27 29 27 33 38 20 38 41 42 10 28 49 20
235 -601 900 -435 872 331 -897 -346 894 -543 -289 -763 111 204 717 -52 519 334 -940 -759 92 756 102 249 349 -43 -287 409
-738 -122 -255 6 -159 -41 289 -361 -156 395 -963 -712 -449 -589 435 -698
-844 -659 667 750 92 -80 -921 -733 -330 24 -490 -563 154 -44 -403
240 -643 799 794 -602 -849 584 883 378 869 -554 -392 358 708 -838 613 -430 664 735
595 -448 -540 208 238 680 516 64 595 182 -678 -799 406 -213 -300 -281 -215 445 598 31 293 417 88 461 717 -400 909 366 195 279 -191 -707 164 93 -420 671 -918 -1 -544 380
-778 -49 -649 -247 -573 414 394 -704 443 880 83 772 483 -47 -791 -576 408 148 809 147 498 568 -155 722 177 566 661 19 830 315 -320 -742
-582 -945 733 431 -14 -552 -387 847 220 131
419 -861 103 -780 -244 -645 267 980 -427 -410 379 -766 -727 -731 679 -579 -470 302 -149
987 -754 -264 -864 -399 860 341 -555 -552 -91 330 684 331 -678 -41 -709 534 279 -310 -540 15 692 294 -657 560 496 752 -298
530 -4 -73 -974 -906 41 -305 163 -966 938 -167 295 -682 -675 735 468 424 98 361 593 -751 720 654 -597 297 298 -342 134 664 457 85 -633 -904 21 -159 81 191 -535 727 -838 406 -713
734 -692 684 672 -770 642 -501 -983 -32 21 -804 984 -591 -319 -837 -728 102 -339 53 -305 -825 -183 163 675 610
-520 -29 802 -614 -85 -576 603 491 -827 671 697 -953 -70 920 698 518 -8 462 226 -363 -110 -423 51 420 -375 -440 697 930 -179 -220 -92 -494 -443 -479 -293 -989 435
-385 -411 -987 -950 -63 -866 -962 899 554 966 -756 704 -7 -184 -102 488 -481 132 -934 622 499 584 -576 -818 -656 -452 526 -670 -166 -170 340 -400 -785 -239 -491 550 290 30 -431 391 772 -865 533
690 320 460 -836 -713 -760 -250 -428 -814 367 638 528 -482 -539 -480 641 80 -991 -86 -769 653 -748 -763 -517 -66 448 444 125 416 -117 -891 -225 -645 864 -11 -982 370 676 609 -524 783 -777 -509 -266 -858 -378 906 -967
890 274 213 584 582 727 -788 935 520 -71 -988 -650 -780 -668 -702
651 898 -980 -411 168 258 885 822 -162 594 -949 -197 724 -150 269
593 816 473 38 699 143 923 745 -255 384 -904 782 -976 -321 328 -200 684
-227 906 -777 -347 -526 -748 467 -837 532 -868 721 372
357 630 -799 -832 317 83 -266 163 -70 -481 377 997 391 -696 641 264 551 516 -403 589 -299 714 -860 -820 -13 538 -268 303 -282 240 -636 385 -159 552 -248
648 -703 -973 727 817 537 265 -857 804 -707 758 -166 -198 577 167 812 144 16 -54 -947 -673 -303 514 509 -306 220 -159 -233 980 -823 820 -324 223 154
-602 419 995 305 -539 -889 -510 417 -366 872 -704 410 -359 -360 -591 6 109 860 289
-164 8 -290 394 -690 -979 -834 -879 -434 370 -894 -979 705 -864 110 -295 -774 -274 -217 275 690 81 663 132 -946 -900 -260 -73 984 991 618 55 -779 179 -619 88 -858 750 474 295 473 -39 627 166
-967 620 -500 -24 -243 -169 -919 468 -631 -182 -790 534 -193 934 -731 -736 -629 315 682 -181 -790 -6 -746 -351 316 42 280 -265 -636 866 -296 -102 977 242 874 879 621 546 -995 -745 -190 -56 84 358 -289 561 -540
518 523 -124 -174 -232 -286 -97 685 -976 -409 -444 -282 460 -277 92
517 -410 -454 -470 -183 259 320 -634 -537 -845 -657 790 -494 -109 70 243 -613 -839 -342 560 258 407 -897 -782 738 13 723
-794 -825 -568 890 119 -166 -436 211 92 -222 153 -742 -129 379 -786 -373 126 85 -378 840 354 -884 -905 -712 -464 543 263 260 975
855 968 -881 794 64 533 648 -960 -252 -688 704 -353 598 299 -177 991 720 -815 155 577 240 -429 -857 -532 784 -247 -320
318 955 -481 -42 -491 785 -478 -643 -45 -594 54 544 178 -557 -916 66 230 115 -616 882 299 -760 657 457 785 -582 -783 -897 -947 -338 831 729 832
-219 173 715 784 -327 -556 878 551 -215 -996 770 860 294 -799 -60 616 288 -170 -96 27 -90 876 -738 -105 315 689 -894 -903 -390 413 871 625 73 -889 747 -903 68 -402
-197 428 -756 114 -353 499 188 -976 -75 606 -904 302 -508 -198 607 970 640 920 -692 -501
-552 -691 438 -930 -783 372 -502 -32 717 984 105 799 426 725 29 -783 379 103 389 -285 179 -436 -17 714 43 368 -100 -577 737 -497 -151 502 763 -648 -320 463 -180 -430
-759 239 78 -347 -47 161 -633 -180 361 946 851 355 563 -679 -582 854 703 554 -27 308 137 -823 -897 -836 440 -466 -873 222 -293 -280 444 343 292 -354 608 -139 -973 -604 446 548 215
-756 454 -309 -1000 -306 178 -919 244 -754 512 460 -569 214 -384 -873 -159 -450 -234 -246 -66 153 389 -876 636 988 990 119 -477 -179 260 284 -958 -955 -92 157 -988 683 720 -518 -656 45 -87
291 602 -937 -674 -955 -467 -599 -115 832 157
-955 657 47 -737 195 -387 264 981 -775 843 769 -220 25 913 606 -718 273 184 633 887 287 -823 -612 846 388 586 -599 896
-421 585 263 720 -218 718 -473 527 541 -671 549 735 468 -952 -993 -904 978 -879 639 271 -963 -184 -243 -949 528 307 -342 -407 -843 -102 -433 566 831 107 -632 715 -205 -24 -816 889 -802 257 24 262 700 242 -85 -254 87
-919 -328 129 209 704 352 -412 595 368 342 829 832 -414 307 -317 197 -90 643 -79 268
