46
13 12 12 22 28 50 17 26 38 38 26 29 30 45 12 31 24 31 33 45 26 24 42 29 34 42 24 32 26 20 33 24 35 41 15 35 19 22 30 49 46 49 41 35 23 14
-616 965 -132 -109 252 172 -460 -553 -135 -635 197 352 -243
936 -112 157 884 336 -323 725 -512 -973 867 -563 859
529 500 -342 -836 835 842 -877 927 -804 911 -848 790
658 -83 -466 383 -196 335 -944 942 262 586 -181 -708 530 471 219 422 -81 404 915 -549 346 402
-481 979 125 467 191 -372 -881 240 -938 493 150 848 -327 -945 -952 303 -718 -698 -841 942 439 -511 -900 699 -147 264 939 -36
-942 273 148 -925 -422 108 -268 -381 -682 199 650 997 75 49 -53 494 93 519 864 -557 -171 -882 671 960 914 -139 455 -791 730 -662 -746 -248 -45 596 337 917 257 -394 -744 -181 -309 548 -248 -914 210 348 781 651 -654 166
40 -219 -263 -776 977 981 947 -347 123 -836 -32 -541 165 -497 -354 -263 160
-234 -290 92 222 333 -297 563 -585 -468 169 697 -882 939 -817 -50 769 -590 393 -392 -482 -57 390 -101 -959 973 458
-447 155 -787 403 462 -676 -356 -238 -763 166 709 -266 -381 -915 -548 77 -9 -838 768 -884 626 536 -887 -581 711 732 -952 -32 217 19 -724 -898 990 51 760 -753 -411 -300
122 -577 -370 614 -209 423 857 -469 169 50 552 662 -417 -222 305 -826 997 628 -210 488 -979 550 797 -121 -148 142 72 706 -880 121 475 150 799 -587 -7 654 -484 253
-525 102 -406 716 -850 848 -540 946 669 977 298 -174 -594 -686 -290 -402 -362 285 383 208 -807 -108 357 -266 598 -685
173 686 -33 117 -250 -586 244 897 493 106 -401 -128 -704 -993 -128 29 563 -476 -665 668 971 -181 -256 -238 -918 -594 -974 318 701
-737 -932 -575 -739 -760 -180 275 -898 999 29 715 -603 688 713 987 549 -272 -243 -975 -553 -858 -720 801 477 -262 758 -156 68 -40 -115
-249 -739 418 835 -132 422 -299 -626 614 -527 450 -131 -892 -697 -936 -265 683 351 -457 -940 913 -953 289 723 715 343 418 -607 819 398 152 -171 -109 -221 184 414 224 -181 402 657 -166 -440 882 406 578
-527 -801 495 716 -465 580 408 -374 394 -985 117 -845
-697 315 427 489 -933 312 667 -121 -466 -999 146 -365 602 878 -112 -554 997 -999 592 543 -767 217 808 322 -966 363 334 -48 -826 405 -868
-39 286 571 -499 395 326 -151 639 -758 -83 394 750 440 -607 -160 927 332 -219 -611 618 -820 -401 -483 -286
764 542 806 682 391 -157 734 400 -179 937 603 -873 995 -305 -778 -455 -898 963 -287 -7 20 -168 734 -521 -290 -305 -132 -262 883 811 422
-364 105 451 411 -765 -175 687 -766 -532 -805 139 -843 -156 -742 725 -304 -705 -760 -69 76 -436 62 -733 968 503 -996 504 -658 -621 -510 39 -108 -778
-677 -8 -452 425 765 -267 288 -653 719 630 165 71 -685 646 -924 -498 -733 -160 -412 -604 -915 4 -494 -217 -667 176 -537 -486 420 -1000 -312 -40 101 571 810 -114 210 167 891 -976 -380 386 -305 -948 694
-399 755 618 -885 -626 -145 65 878 135 960 221 -966 -783 494 -689 -806 228 195 -253 -610 -80 396 -270 151 919 155
81 -788 -651 876 -406 -890 189 -99 361 -230 -398 -761 -809 632 275 884 470 206 348 760 -940 701 -847 295
400 -575 886 395 -427 -5 -909 406 -62 -283 157 147 -561 -90 -429 -605 479 233 -924 -559 849 949 885 708 353 -287 497 -568 -110 -517 -967 -760 824 -121 -145 -968 795 -970 -982 -328 -17 527
-962 -60 -251 -317 -678 100 562 -430 391 -466 258 560 382 -953 846 725 -699 624 543 -787 249 -794 795 673 426 -171 -310 -233 -666
-428 -803 -197 -169 -472 -287 996 -375 340 -183 932 93 533 985 -948 360 -920 -222 -330 -328 -709 -967 -968 -506 687 191 -262 -476 44 -429 815 -261 762 286
-595 -752 -847 -233 10 680 -580 700 -342 839 635 909 617 -705 298 849 409 502 -32 551 -403 -916 599 933 -287 -873 -722 -972 -222 -675 -83 979 -373 -200 -888 -150 -935 -298 -542 786 405 951
-168 843 137 564 -991 835 -610 -632 6 -679 -803 -482 234 -906 377 -568 560 -44 -622 -714 -384 153 195 983
-932 764 -219 -285 511 516 -68 -951 535 697 -150 74 -128 -888 413 -906 -3 640 928 428 908 -725 -392 605 -678 857 933 96 -649 572 -490 583
442 685 -392 -162 724 -20 -759 211 744 -360 478 178 800 445 677 -279 -401 702 591 672 -44 782 -887 -500 900 -822
439 494 -526 -315 773 383 -77 -823 797 93 -392 554 346 14 828 798 -546 979 439 256
957 -159 -103 276 -738 185 -639 -802 -334 474 272 902 854 429 149 -842 -963 -339 427 -834 -14 345 -66 -547 617 -963 -163 -120 255 129 674 932 -880
318 -662 158 552 359 -686 -944 -176 659 361 -452 -928 -693 -188 -337 -993 -44 -859 -744 -695 -702 473 -534 902
502 -100 208 193 -712 -68 535 -655 -350 297 127 -59 804 -599 -100 377 373 -158 589 569 -201 619 118 984 22 -308 -172 -134 973 -342 160 511 -311 791 -880
934 765 686 -566 218 620 -326 167 -409 888 739 905 87 -312 -512 263 -394 634 -928 -587 762 -350 602 710 237 893 574 816 564 885 587 -907 -503 -209 366 -398 -638 33 845 -801 58
143 966 -369 -116 358 -951 92 421 -403 -596 154 786 -174 604 -11
402 464 -250 607 311 -751 730 355 72 457 656 778 -986 -502 -334 -965 500 -301 26 952 970 671 -475 927 -329 -253 537 493 723 192 661 332 818 -568 705
506 -7 -924 850 377 -627 578 713 162 -570 -129 -566 246 -462 -262 -678 67 -151 -412
-954 -647 346 224 879 -578 851 663 -439 -939 -403 590 -285 -105 735 -67 -251 205 -208 -586 961 326
345 192 -504 -981 -611 347 -316 491 -688 -171 -1000 653 126 949 419 414 170 -620 -237 -234 -400 845 -542 558 -943 -251 -120 -432 -398 691
-231 192 268 653 145 331 -907 -338 802 -137 982 874 -277 192 -929 -823 351 -463 -340 306 915 -831 -946 475 -771 -366 577 932 -926 285 -600 -363 259 -429 -766 -691 -369 249 -625 555 947 459 233 223 -267 195 226 -846 972
931 565 916 -876 639 90 -895 326 697 733 -432 -167 -53 650 304 84 165 518 -82 85 707 956 -250 -540 -60 -561 392 971 -645 286 923 -218 -793 -321 825 484 -193 -699 -158 26 -950 -23 335 -894 -907 211
-576 -946 173 -418 -56 -435 269 239 -432 -379 55 505 960 471 533 -317 849 369 -674 79 57 -786 -397 -774 -123 -714 -83 -482 110 969 -405 536 101 900 -629 19 278 35 956 -358 760 -594 -938 -160 453 86 -715 298 -1000
-826 797 808 -292 -810 -590 -939 -3 -522 -685 193 710 -234 -10 550 821 693 450 179 388 -681 -805 373 265 -339 -565 397 419 -658 500 -369 498 5 -786 247 458 624 -606 244 -240 -460
-445 144 -819 920 621 -551 165 -693 417 323 -982 406 -578 362 -289 -815 294 227 438 712 -165 -44 749 -524 276 440 896 282 828 -149 -142 198 835 -835 248
29 -797 -709 649 604 -990 674 -351 733 320 92 -194 -542 217 -890 -284 83 -638 -939 -173 113 311 -425
118 -193 -754 -175 -353 -573 -511 -33 936 19 -107 -355 206 -51
