19
40 48 27 40 43 22 18 34 48 36 27 26 49 29 28 31 12 27 39
515 530 633 -342 572 -214 -498 -334 390 -643 917 -453 583 -12 -572 41 -944 797 -756 719 326 631 302 -238 -80 674 942 298 -508 415 -977 -490 698 -22 450 78 -824 -148 868 -844
915 -671 -982 782 598 -875 366 825 -94 607 227 -378 -294 -29 -914 -391 -935 -172 809 846 -535 374 903 -405 813 353 338 -507 294 -272 253 748 58 -203 -501 -456 533 432 652 3 -670 666 403 -371 -435 560 -381 888
-550 -920 629 -404 -743 -683 -547 265 -616 -413 -136 916 -264 628 -830 -559 604 -404 481 -387 197 -652 -529 -127 -159 -877 443
-878 172 172 335 -445 758 -878 -931 -676 321 -982 65 35 -375 681 64 -840 -219 184 528 -910 2 -450 977 -636 -233 -904 44 -366 261 388 -203 -740 -324 172 -816 -605 804 652 111
198 -411 -615 -693 -163 680 -417 -815 588 272 -793 -867 444 622 669 -334 -528 622 187 -480 -834 -362 -819 688 644 310 700 -613 918 -98 99 323 675 138 754 -199 335 253 -140 211 -106 -186 479
327 999 991 -46 -154 109 648 708 -180 -863 -177 -927 145 -888 985 -334 -948 -199 474 -412 -171 -720
-239 -322 207 921 -219 135 -560 -150 654 -709 23 737 -151 451 -431 158 630 44
-85 -648 -975 721 466 -48 512 -910 118 932 -138 53 -427 885 83 840 -165 -992 -335 -975 926 326 447 -912 -347 363 105 388 377 289 -545 -769 -360 -415
711 885 -974 137 227 -178 -917 699 -695 -809 -36 964 913 952 6 958 303 -4 -499 722 -507 -19 384 -558 -793 -336 660 -14 -597 288 -826 -793 -162 601 -345 -476 -439 296 -605 -527 988 -673 731 814 378 956 -579 -221
-516 322 95 853 -996 15 628 251 258 147 -402 -174 222 284 60 966 -982 -227 286 -661 -969 -24 -233 269 -769 -215 615 374 705 -562 945 -558 -835 -327 -948 677
-208 -460 698 858 -305 -47 -317 877 -34 332 -477 -82 -832 110 -584 -102 -188 -993 -783 -565 905 322 623 -780 787 808 -849
-913 -865 -510 802 72 833 705 -489 978 -992 -608 395 -921 271 -430 -314 -911 140 -45 -370 -697 990 842 702 -401 92
-854 -898 -167 197 219 -686 -720 -176 -666 -699 885 -586 -703 905 -580 902 -393 558 371 -411 -315 -544 214 -861 -322 -684 -826 -117 75 964 419 -192 967 -845 43 571 -171 -786 -964 591 -828 957 -950 519 -330 -848 -654 -671 658
-896 -441 -111 260 -258 248 -264 539 429 -652 -25 -953 784 -3 -627 -598 917 -96 -364 105 -184 89 -850 -340 342 -530 535 -535 113
-574 399 810 158 632 -16 -992 -21 514 -518 -307 -75 92 -806 147 893 163 -271 545 632 68 176 90 220 131 669 728 -237
492 -929 211 407 408 -285 128 -845 755 -65 281 245 255 -383 800 168 460 944 877 497 -216 -197 -988 -478 -898 -210 166 571 7 -90 519
-317 -108 -614 -806 506 694 -490 -496 -900 942 -149 -899
-601 -245 -166 524 457 769 165 -688 21 -332 -673 -789 -24 -256 620 -493 -603 -332 295 -693 -601 255 -851 -259 782 -191 -671
-708 -505 696 121 165 -541 -788 210 782 -125 813 629 227 -695 -711 -983 656 -750 891 662 -231 283 461 263 555 -585 254 -237 413 -568 -628 499 750 405 -996 -127 -611 479 -679
