98
73 73
65 65
77 81
68 82
68 65
87 70
83 76
69 66
65 81
84 79
85 74
76 70
66 79
82 73
79 66
83 68
88 65
79 74
66 78
73 75
71 81
80 73
67 83
68 69
83 86
84 82
75 83
69 66
79 87
75 84
65 81
71 78
64 83
67 64
87 79
67 83
76 86
78 83
79 74
68 75
65 72
77 64
84 79
75 69
69 82
64 86
77 88
84 87
64 68
64 65
72 68
88 87
73 84
81 69
82 71
64 71
77 82
79 81
77 86
87 83
77 81
77 85
88 67
75 88
87 74
69 67
80 85
66 69
67 78
82 74
67 67
75 65
73 81
83 76
64 69
77 85
79 73
87 85
68 75
69 80
82 78
69 77
75 68
77 88
66 73
69 85
87 80
68 67
85 72
66 73
69 77
73 73
86 76
79 88
77 67
83 74
77 68
65 79
