87
-66 -69
-77 -83
-76 -86
-68 -78
-67 -78
-75 -71
-86 -77
-64 -74
-75 -81
-81 -76
-76 -85
-69 -86
-81 -76
-71 -80
-73 -83
-82 -72
-64 -83
-76 -70
-76 -80
-65 -85
-86 -83
-84 -70
-78 -70
-64 -77
-84 -73
-71 -74
-83 -70
-70 -64
-70 -73
-76 -75
-68 -64
-64 -79
-80 -71
-73 -86
-71 -83
-83 -81
-86 -81
-75 -72
-63 -86
-63 -81
-66 -67
-76 -76
-86 -63
-70 -76
-73 -77
-73 -70
-69 -72
-69 -79
-66 -75
-71 -74
-64 -79
-80 -63
-81 -65
-81 -68
-84 -84
-82 -68
-77 -68
-71 -86
-77 -84
-71 -66
-83 -86
-77 -64
-82 -78
-75 -75
-85 -82
-80 -73
-67 -71
-82 -82
-65 -73
-75 -74
-72 -80
-79 -73
-70 -73
-67 -70
-70 -78
-68 -74
-84 -77
-84 -74
-65 -80
-86 -85
-63 -80
-71 -86
-66 -73
-82 -84
-69 -63
-79 -79
-80 -76
