100
76 85
83 92
82 81
92 82
83 74
85 74
90 78
79 84
90 83
74 74
88 84
89 84
88 78
84 81
83 91
82 89
78 89
84 79
76 81
79 83
83 83
77 82
82 92
77 75
91 82
81 91
85 84
81 86
84 83
91 83
91 78
90 80
88 85
88 75
82 88
76 88
84 88
89 82
75 81
74 83
90 77
76 84
89 77
86 91
78 84
91 74
92 87
81 84
76 89
80 89
87 76
88 82
78 90
87 88
91 91
78 80
90 91
81 86
85 91
88 75
84 92
74 92
75 79
84 79
85 83
84 90
74 77
81 85
91 83
78 74
89 86
75 85
84 81
92 76
82 83
81 80
88 90
91 87
75 74
90 87
89 81
74 87
82 78
91 78
87 74
77 76
86 77
75 89
89 76
82 83
88 81
87 82
80 91
83 78
79 90
92 83
88 76
76 82
76 83
83 77
