79
-10 -11
-11 -19
-15 -2
-9 -11
-16 -14
1 -10
-3 -4
-5 -12
-8 -2
-16 -14
-2 0
-6 -5
-19 -8
-11 -17
1 -2
-17 -18
-19 -3
-3 -7
-7 -17
-12 -5
-7 -7
-2 -6
-20 -12
-20 -11
-6 -13
1 -11
-19 -20
-1 -8
-19 -1
-19 -14
0 -10
-14 -9
-2 -10
-2 -1
1 -10
-10 -11
-6 -7
-4 -2
-12 -15
-15 -3
0 -5
-20 -7
-3 -1
-4 -12
-9 -7
-8 -20
-2 1
-16 -3
-15 -8
-20 -12
-19 -9
-19 -6
-6 -11
1 -4
-5 -9
-17 1
-10 -10
-6 -14
-19 -18
-10 -14
-8 -13
-19 -19
-10 -18
-19 -4
-8 -12
-16 -17
1 -7
-13 -1
-11 -4
-3 -8
-19 -3
-9 -1
-18 -20
-1 -9
-20 -16
-14 -6
0 -8
-6 -3
-8 -11
