77
-30 -27
-31 -26
-30 -33
-24 -20
-15 -30
-31 -24
-24 -19
-18 -25
-33 -30
-23 -14
-24 -34
-14 -25
-30 -28
-32 -19
-14 -30
-17 -17
-26 -12
-14 -18
-23 -12
-18 -15
-18 -15
-16 -32
-20 -25
-20 -14
-15 -32
-22 -30
-19 -30
-14 -15
-34 -33
-18 -11
-21 -16
-17 -20
-15 -14
-21 -13
-12 -14
-12 -23
-14 -11
-24 -28
-30 -22
-34 -12
-14 -26
-27 -11
-25 -22
-32 -22
-34 -33
-13 -20
-16 -16
-29 -22
-24 -31
-33 -28
-16 -31
-26 -18
-11 -29
-32 -23
-33 -14
-15 -20
-24 -32
-26 -28
-14 -23
-22 -12
-18 -20
-11 -34
-26 -22
-26 -31
-29 -14
-25 -15
-29 -21
-17 -24
-26 -32
-25 -15
-26 -14
-17 -17
-14 -30
-20 -31
-17 -16
-22 -18
-14 -26
