79
-68 -67
-69 -68
-69 -69
-68 -69
-68 -67
-68 -67
-69 -67
-67 -68
-68 -67
-67 -69
-67 -68
-69 -67
-67 -68
-67 -68
-67 -67
-69 -67
-67 -69
-69 -68
-68 -67
-67 -69
-69 -69
-67 -68
-68 -68
-68 -69
-68 -67
-68 -69
-69 -68
-68 -67
-67 -68
-67 -69
-68 -69
-68 -67
-68 -69
-67 -68
-67 -67
-69 -69
-67 -69
-68 -67
-68 -67
-68 -68
-69 -67
-69 -68
-67 -68
-69 -68
-68 -67
-69 -68
-68 -69
-67 -68
-68 -67
-67 -67
-69 -67
-68 -69
-69 -69
-69 -69
-68 -69
-67 -69
-69 -68
-68 -67
-68 -67
-68 -68
-68 -67
-67 -68
-68 -68
-69 -67
-67 -68
-69 -68
-67 -67
-69 -69
-67 -67
-69 -68
-69 -68
-69 -68
-67 -69
-68 -68
-69 -67
-67 -68
-67 -67
-68 -67
-68 -69
