871
15 -3
17 -3
-3 24
14 18
-2 6
7 15
19 24
-1 19
18 -4
-5 -1
16 24
0 -1
24 13
23 -3
12 -3
18 6
24 10
22 7
-2 23
4 14
13 6
5 23
1 24
17 23
23 18
9 20
8 -1
11 3
-3 4
1 -4
14 -3
21 3
-3 -2
-1 23
15 13
-3 -5
-2 1
13 4
16 1
-1 -3
2 7
21 -2
13 17
11 20
21 0
15 23
-1 16
10 17
22 21
18 15
17 21
14 1
16 1
4 18
24 24
4 12
17 -1
11 4
7 23
-1 -2
7 23
19 16
0 1
1 12
-3 -3
21 9
19 9
11 22
13 17
24 13
14 -4
9 6
24 2
12 12
13 16
18 23
4 -3
3 -3
0 9
-2 13
5 18
3 -2
-4 14
7 12
5 1
3 4
3 14
22 -1
1 0
-5 -5
5 3
7 16
21 1
-3 5
24 1
16 15
15 12
17 6
8 12
11 22
14 19
2 18
0 -5
4 3
16 20
6 18
2 23
23 1
23 1
6 1
5 -5
22 -3
18 23
-2 2
18 21
14 24
24 1
8 8
16 -3
7 24
15 4
17 3
11 21
18 -1
4 3
14 3
-2 7
10 9
23 21
22 -1
10 9
11 5
3 11
-5 22
8 22
14 0
-1 8
21 4
4 8
9 16
4 20
-4 -3
0 -4
-5 10
21 -2
9 0
-1 -5
20 22
24 22
15 2
19 5
16 12
1 12
20 10
22 21
23 17
17 -2
6 6
1 -1
14 16
-2 -5
10 12
2 4
-3 4
7 14
13 -5
22 20
8 0
9 23
18 15
-2 -3
-5 13
-1 5
-4 -5
13 2
21 13
3 6
22 15
15 2
3 14
2 23
2 9
-4 15
2 -4
14 19
15 11
20 -5
16 6
4 10
4 1
2 17
22 -2
8 11
1 10
3 0
7 -2
-1 4
9 9
0 -5
16 12
8 23
14 2
-3 0
23 18
17 7
19 7
23 19
15 2
14 24
1 19
19 12
12 -4
5 2
1 22
18 9
7 -4
11 7
0 23
22 15
12 0
17 10
14 -4
0 20
11 8
19 0
7 21
22 23
-4 5
10 13
19 -2
0 7
19 -1
22 20
16 23
9 -3
22 -5
-3 19
23 18
24 12
11 20
12 23
5 14
11 23
-5 4
9 -2
24 4
11 3
11 24
-3 16
8 17
-3 -3
17 11
-1 17
12 7
-5 15
-4 -1
16 7
16 17
22 18
16 -2
16 6
14 2
14 14
-2 -5
6 18
-5 20
15 8
10 8
11 -5
23 -2
16 23
-4 11
24 17
19 4
6 7
-3 8
-5 12
-3 12
17 5
23 23
8 24
-4 19
23 7
21 7
-4 9
10 20
1 22
17 13
14 5
18 0
4 21
7 15
7 -3
18 13
-2 3
20 -2
-1 9
5 12
-3 10
-1 16
8 22
22 0
5 14
0 -5
20 -4
8 11
6 20
10 2
6 -5
-2 24
15 18
1 -2
-5 8
-2 14
-4 9
-3 -4
2 22
1 3
12 2
12 2
5 20
16 8
18 -4
2 3
5 20
-1 0
18 0
6 8
19 13
8 20
17 11
11 14
13 7
18 15
-1 15
0 6
7 24
-5 6
15 24
3 -4
8 -3
1 -5
20 14
13 -5
13 9
-3 15
4 11
10 17
20 7
3 9
8 11
16 20
8 -1
6 18
-1 3
23 3
7 14
-2 18
-4 -3
23 22
11 6
10 19
20 2
1 15
20 7
23 0
12 -2
0 7
6 -3
16 -1
11 9
-3 4
14 -2
11 23
14 4
23 5
9 14
6 22
3 24
4 -1
1 1
12 13
9 15
22 19
23 9
15 7
-4 -2
7 12
19 -1
15 16
0 3
0 18
8 1
11 17
9 14
23 13
22 0
4 8
2 9
-5 3
-4 -2
23 3
19 10
2 20
13 17
6 22
18 17
-2 -1
15 8
-4 22
11 10
15 5
17 -2
21 16
24 17
19 -1
14 14
4 5
-4 22
4 6
4 13
-5 10
-4 13
-3 21
13 2
11 6
18 1
7 -5
22 1
6 12
14 7
4 21
4 21
13 -3
1 7
-5 0
13 13
-3 11
5 24
19 -2
5 1
14 13
7 -3
6 -1
3 18
21 12
20 18
2 0
1 -4
-2 8
16 3
16 3
-4 10
9 -5
22 -5
2 23
-1 -1
18 20
-5 20
14 10
19 8
18 3
10 10
16 20
13 11
19 20
7 -3
17 15
-2 21
22 -4
5 24
0 19
-5 24
2 17
0 -2
22 23
0 -4
16 21
-4 4
16 3
17 1
13 21
3 14
5 19
20 -4
20 15
-3 4
13 24
5 11
8 20
-4 15
-5 3
10 7
21 -4
4 18
15 5
-5 12
-4 14
23 18
0 14
19 18
19 1
24 8
13 9
2 16
-5 23
23 16
3 0
9 18
-4 23
15 10
23 24
13 19
-2 7
0 9
2 0
3 16
0 3
12 -1
23 5
19 11
-1 19
23 4
20 13
17 -5
-1 12
2 8
24 6
22 19
1 4
11 8
18 8
23 4
4 18
9 18
-2 -1
-2 20
2 9
20 9
4 3
21 10
-2 22
23 -4
2 -3
11 15
1 6
24 -1
-1 14
12 20
20 21
18 -3
24 4
8 22
16 22
19 21
4 6
23 -1
5 16
17 4
9 12
6 -1
7 6
10 -1
24 -4
11 6
-1 4
7 22
-1 3
8 18
18 17
13 19
17 12
1 4
20 -3
13 19
18 8
15 24
3 2
-4 16
-1 9
24 19
-3 17
19 6
4 2
7 -5
2 4
-2 0
0 12
0 7
16 14
20 -5
-1 3
1 13
8 18
18 23
4 -1
18 19
-3 12
13 -2
-1 3
17 -1
6 3
11 -5
9 12
21 7
17 9
10 9
-1 -3
-3 20
5 -2
7 15
14 10
15 2
1 8
17 12
22 16
-1 20
17 11
18 -4
11 19
15 -1
19 4
16 16
-1 3
10 -4
-3 2
0 2
14 16
2 -4
-4 3
23 11
14 7
24 7
-4 -3
11 -5
11 15
13 8
6 23
4 23
7 14
-1 5
14 8
2 11
0 -4
21 17
-3 6
-3 13
4 14
13 23
-4 -1
17 17
0 14
16 24
9 18
7 2
8 1
16 9
20 -4
23 15
-4 -3
-1 -4
10 19
17 2
-5 6
15 6
4 6
-2 16
20 16
15 15
24 4
8 14
10 3
-3 23
20 13
16 10
12 16
8 12
20 -1
16 7
-3 4
23 20
8 -4
2 13
24 2
20 17
21 15
3 19
20 24
16 9
17 21
-4 1
-2 12
15 4
10 23
10 21
18 -2
5 15
0 10
-3 14
3 -4
10 -2
15 14
13 1
18 18
20 6
18 4
15 8
7 8
21 10
1 19
6 2
9 11
24 13
0 -5
-1 13
13 -5
7 7
8 6
13 -5
8 14
2 1
12 0
24 18
-2 13
1 -2
24 24
5 0
15 8
-4 -2
5 21
3 23
4 0
12 -4
1 21
12 22
8 7
24 -5
19 -5
-1 22
20 17
10 6
16 -2
5 15
18 22
6 23
16 18
15 1
21 23
8 -2
-4 12
17 3
19 12
0 0
-4 9
-4 7
19 16
7 2
6 -4
23 24
2 19
-2 -1
18 0
11 23
13 6
14 -2
20 -4
5 7
-1 2
2 6
4 7
8 15
20 24
23 19
10 5
6 -3
16 19
13 21
16 6
16 5
6 -2
6 11
18 23
24 21
10 14
22 11
8 20
16 14
6 -2
12 -4
22 11
1 2
9 -3
21 4
-5 -4
18 23
3 20
4 -2
19 24
6 21
24 -4
-4 24
13 17
8 7
9 20
23 10
5 1
9 4
9 -1
3 8
8 8
12 21
12 13
21 -1
-1 9
17 20
11 2
-5 8
21 8
23 24
6 21
3 15
6 -2
5 15
-5 20
8 2
7 6
24 13
14 17
-2 6
15 17
3 12
19 24
9 -2
18 18
20 17
5 15
7 7
5 9
22 11
7 10
-4 21
12 18
-2 4
20 10
-3 13
-3 11
1 7
8 22
15 10
19 20
13 6
16 17
2 17
17 -4
-3 -5
2 3
-2 10
-3 7
12 15
4 19
0 11
15 19
8 12
14 6
1 19
-3 20
20 -1
-5 8
19 2
19 -5
19 21
