636
-6 0
0 -14
-8 -6
-7 -12
-12 -4
-4 -5
-14 -15
-3 -10
-15 -7
-5 -8
-2 -13
-8 0
-16 -4
-11 -13
-11 0
-2 -15
-11 -1
-1 -13
0 -4
-1 -10
-6 -15
-3 -9
-2 -9
-2 -7
-15 -6
-10 -5
-16 -11
-15 0
-10 -5
-6 -4
-1 -3
-11 -14
-14 -4
-3 -8
-4 -4
-15 -2
-11 -4
-4 -5
-5 -4
-2 -1
-2 -13
-15 -16
-13 0
-3 -8
-4 -2
-7 -4
-3 -13
-2 -13
-1 -14
-15 -15
-12 -13
-2 -16
-11 -15
-5 -6
-14 -6
-13 -13
-3 -11
-4 -2
0 -2
0 -5
-9 -2
-1 -7
-10 -12
-6 -6
-2 -12
-6 -15
0 0
-16 -9
-15 -8
-5 -15
-4 -15
-6 -12
-4 -2
-11 -5
-16 -11
-2 -11
-11 -1
-1 -7
-8 -8
-6 -9
-1 -4
-2 -3
-14 -12
-1 -16
-3 -12
-10 -12
-6 -1
-12 0
-9 -2
-7 -7
-14 -13
-10 -8
-5 -3
-15 -14
-6 -12
-15 -1
-15 -13
0 -2
-8 -9
-16 -8
-15 -5
-8 -2
-2 -14
-5 -12
-10 -16
-1 -16
-8 -7
-13 -9
-3 -8
-8 -1
-7 -12
-9 -11
0 -7
-1 -11
-9 -10
-15 -14
-3 0
-9 -9
-5 -14
-9 -4
-12 -3
-12 -13
-15 -15
-8 -4
-11 -1
-2 -4
-10 -8
-2 -1
-14 0
-16 0
0 -14
-8 -1
-8 -12
-9 -15
0 -2
-1 -12
-2 -3
-16 -13
-11 -5
-2 -3
-4 -11
-16 0
-5 -15
-4 -4
-4 -5
-13 -12
-3 -3
-10 -8
-8 -13
-15 -14
-4 -14
-8 -4
-14 -4
-14 -6
-4 -3
0 -5
-11 -12
-3 -5
-6 -3
-7 -3
-3 -4
-15 -6
-5 -6
-14 -12
0 -11
0 -5
-12 -3
-10 -2
-4 -4
-5 -14
-10 -13
-12 0
-14 0
-1 -3
-4 -4
-5 -11
-1 0
-13 -15
-4 -8
-12 -4
-8 -13
-7 -3
-5 -1
-7 -3
-11 -13
-4 -10
0 -1
-10 -10
-1 -1
0 -9
-6 0
-2 -16
-9 -3
-13 0
-14 -13
-1 0
-3 -16
-4 -4
-7 -14
-13 -7
-11 -9
-15 -4
-1 -10
-9 -16
-5 -13
-7 -14
-16 -12
-1 -2
-3 -10
-16 -8
-5 -6
-7 -8
-14 -6
-14 -11
-4 -6
-14 -12
-1 -12
-15 -11
-4 -10
-10 -6
-3 -1
-14 -2
-4 -13
-14 -11
0 -12
-14 -13
-7 -16
-1 -3
-7 -5
-13 -13
-12 -14
-14 -8
-13 -14
-4 -14
-10 -2
-6 -4
-11 -6
-12 -10
-9 -11
-8 -14
0 -15
-13 -16
-11 -11
-4 -11
-9 -12
-10 -1
-4 -10
-10 -14
-14 -2
-6 -14
-1 0
-3 -10
-3 -16
-13 -10
-13 -12
-1 -2
-13 -8
-4 -7
-12 -5
-5 -7
-12 -16
-2 -7
-16 -14
-14 -9
-13 0
-10 -1
-8 -9
-7 -12
-4 -4
-13 0
-9 -10
-6 -14
-3 -3
-11 -2
-6 -12
-9 -15
-1 -12
-9 -1
-1 -14
-15 -3
-5 -10
-6 -3
-3 -13
-9 -5
-9 -9
-4 -1
-14 -4
0 -5
-7 -6
-5 -7
-2 -7
-7 -5
-13 -6
-1 -12
-3 -15
-5 -16
-10 -13
-13 -8
-14 -1
-8 -10
-15 -5
-14 0
-9 -4
-1 -8
-2 -15
-12 -12
-7 -12
0 -15
-15 -12
-1 -6
-12 -10
-2 -6
-4 -3
-5 -13
-7 -15
-4 -13
-12 -2
-7 -9
-7 -16
-10 -8
-10 -8
-14 -16
-11 -14
-9 0
-3 -2
-13 -5
-11 -8
-11 -14
-15 -7
-10 -2
-10 0
-6 0
-10 -10
-9 -5
-12 -3
-5 -16
-16 -14
-8 -10
-14 -13
-11 -7
0 -2
-1 -16
-16 -1
-13 -13
-16 -10
0 -13
-13 -1
-16 -13
-4 -7
-10 -6
-14 -9
-14 -3
-1 -7
-5 -9
-10 0
-9 -4
-16 -9
-3 -12
-7 -10
-3 -14
-13 -16
-10 -2
-2 -11
-13 -11
-8 -14
-12 -11
-9 -7
-12 0
-9 0
-4 -10
-2 -13
0 -10
-11 -1
-2 -3
-1 -15
-5 -10
-7 -3
-13 -8
-12 -16
-7 -11
-11 -1
-8 -9
-1 -16
-5 -7
-8 -6
-5 -1
-15 -12
0 -15
-11 -16
-4 -1
0 -7
-13 -13
0 -14
-12 -1
-12 -1
-5 0
-2 -13
-7 -16
-9 -6
-8 0
0 -13
-10 -3
-10 -12
-10 -12
-15 -7
-2 -7
-7 -4
-12 -4
-8 -4
-11 -13
-2 -12
0 -1
-5 -11
-12 -4
-4 -5
-9 -13
-9 -16
-2 -15
-10 -15
-11 -3
-10 -2
-3 -14
-4 -15
-1 -11
-4 -13
-9 -5
-12 -14
-5 -9
-8 -4
-6 -10
-9 -6
-1 -7
0 0
0 -13
-9 -10
-1 -7
-11 -1
-10 -9
-2 -6
-1 -1
-6 0
-10 -14
-8 -13
-13 -14
-14 0
-10 -1
-12 -13
-1 -3
-15 -13
0 -11
-7 -2
-2 -16
-13 -5
-13 -2
-8 -2
-7 -10
-12 -16
-6 -8
-13 -2
-8 -4
-1 -7
-9 -9
-8 -9
-15 -3
-11 -9
-10 -6
-6 -3
-9 -7
0 -13
-8 -2
-9 -16
-7 -6
0 -15
-10 -8
-10 -5
-2 -7
0 -14
-11 -10
-1 -2
-8 -6
-11 -8
-2 -12
-9 -13
-13 -8
-9 -12
-4 0
-3 -15
-14 -9
-10 -13
-1 -6
-2 -4
-1 -16
-9 0
-8 -13
-10 -15
-10 -8
-14 -5
-1 -6
-11 -2
-14 -5
-8 -12
-7 -3
-11 -12
-15 -1
-6 -5
0 -8
-11 -3
-14 -6
-9 -16
-10 -5
-11 -12
-7 -10
0 -16
-16 -3
-7 -14
-2 -16
-13 -3
-15 -9
-12 -4
-11 -13
-8 -3
-15 -11
-2 -1
-4 -9
-1 -9
-12 -8
-2 0
-11 -3
-3 -14
-15 -16
-4 -14
-5 -8
-5 -5
-10 -4
0 -9
-15 -3
-3 -10
-7 -5
-5 -7
-12 -14
0 -10
-12 -15
-4 0
-4 -5
-4 -1
-13 -13
-7 -9
-14 -9
-13 -3
-8 -16
-7 -4
-13 -12
-2 -15
0 -11
-5 -5
-8 -2
-14 -6
-1 -11
-3 -15
-6 -5
-13 -6
-13 -5
-10 -3
-7 -7
-5 -6
-5 -11
-12 -15
-4 -11
-3 -3
0 -6
-1 -13
-15 -14
-6 -4
-16 -1
-16 -10
-7 0
-15 -14
-6 -12
-6 0
-1 -16
-5 -1
-16 -3
-10 -15
0 -15
-11 -6
-15 -8
-7 -15
-2 -14
-5 -3
-16 -9
-10 -11
-7 -14
-1 -2
-14 -12
-15 -5
-4 -7
-1 -3
-13 -15
-13 -3
-1 -14
-3 -13
0 -16
-14 -2
-6 -9
-8 -11
-11 -11
-7 0
-14 -10
-8 -13
-14 -16
-15 -4
-1 -16
-7 -9
-8 -11
-2 0
-5 -15
-2 -5
-16 -5
-10 -16
-16 -15
-15 -14
0 -10
-10 -1
-4 -7
-10 -7
-9 0
-15 -11
-2 -7
-11 -5
-5 0
-14 -6
-7 -1
-12 -5
-15 -1
-14 -13
-5 -16
