898
23 12
33 26
12 10
39 28
29 8
8 25
33 35
8 22
10 8
13 26
22 16
36 16
12 10
14 31
26 30
30 12
19 30
26 23
16 17
9 12
29 36
11 39
31 21
19 24
36 10
29 19
25 25
16 28
38 31
29 12
37 29
25 26
10 29
12 8
37 15
28 33
35 30
37 32
31 27
34 15
28 31
32 38
27 35
30 10
15 19
20 8
8 16
35 15
24 33
17 18
25 34
29 14
37 11
31 8
11 17
37 35
28 33
8 38
10 23
33 29
13 32
37 36
20 26
20 27
11 14
11 16
36 32
30 16
17 33
25 32
17 13
32 14
38 22
23 34
11 20
16 33
15 37
37 31
21 8
39 25
23 11
37 12
37 14
19 23
35 33
16 37
15 26
19 29
25 17
12 33
27 24
27 19
36 21
23 32
23 13
24 30
16 17
34 37
27 25
22 13
36 29
8 31
31 28
37 37
29 37
29 20
8 28
39 11
14 21
35 8
19 8
23 15
32 11
11 22
14 31
16 13
38 31
32 22
12 13
20 36
13 26
27 21
27 14
18 37
25 35
24 39
22 29
21 18
18 12
29 18
36 17
21 39
34 38
15 17
8 33
39 13
36 34
36 27
35 32
19 12
28 38
26 14
35 24
38 21
14 29
27 9
11 37
19 28
36 8
11 16
17 39
39 16
35 25
13 10
17 34
18 39
10 33
18 16
18 21
36 12
39 8
39 28
13 15
16 28
20 32
31 29
8 16
17 15
22 22
15 13
30 15
17 36
30 25
34 27
31 8
27 16
32 31
28 9
30 34
15 25
30 20
18 20
32 8
32 37
25 17
27 16
31 12
12 18
10 27
16 12
19 39
29 10
36 30
32 22
9 11
33 10
37 12
24 23
16 29
20 29
22 14
11 16
34 39
26 38
12 35
23 37
24 23
33 20
34 39
22 34
28 11
9 22
9 37
20 20
14 17
14 19
32 16
9 14
20 11
20 16
31 13
15 34
14 11
26 21
27 31
18 8
26 17
24 22
12 9
17 35
26 11
18 32
19 9
30 29
35 39
25 33
15 39
22 19
18 34
28 25
33 19
24 14
11 16
24 26
25 17
16 35
15 22
21 39
10 15
18 21
28 36
32 16
17 8
15 18
8 11
36 36
20 28
37 16
30 27
30 15
30 19
30 9
15 18
18 37
17 30
31 21
38 26
37 28
26 8
33 28
24 20
13 10
21 9
17 36
32 35
22 39
9 8
33 35
23 36
8 38
21 26
34 11
13 34
12 16
10 23
15 39
26 18
30 23
38 21
36 8
12 32
18 21
38 15
17 36
19 35
36 29
28 36
28 32
33 8
18 14
13 33
38 38
29 15
23 26
34 25
28 21
32 39
19 15
8 36
31 28
16 32
32 17
14 27
30 33
21 29
20 23
11 24
35 13
27 34
36 24
26 36
10 11
23 24
19 38
24 19
27 38
32 20
30 21
22 23
30 28
11 17
25 39
12 8
10 12
30 18
28 14
14 15
22 22
9 22
20 30
31 20
26 18
27 23
22 27
30 10
39 38
16 35
21 25
13 31
26 19
16 33
27 31
36 8
36 17
27 17
34 9
8 35
28 20
10 37
36 12
36 35
30 31
11 8
26 32
29 11
32 31
32 10
25 11
37 33
14 10
8 34
24 36
16 36
30 35
38 28
8 23
31 25
29 22
9 30
10 9
39 27
29 8
33 32
32 27
20 19
39 25
29 38
27 8
18 12
39 24
12 26
35 27
21 15
39 13
35 12
16 26
35 22
39 39
36 14
31 22
22 14
38 14
18 10
17 39
19 38
38 18
18 34
31 35
13 24
10 21
20 20
13 35
10 18
14 15
16 26
17 32
20 16
15 32
22 39
28 11
18 25
35 19
19 24
15 39
15 9
10 26
20 24
19 38
32 33
27 19
10 25
31 26
38 9
18 16
18 19
21 30
19 38
31 15
38 32
22 27
19 23
22 28
23 15
21 11
38 34
20 27
26 31
12 9
38 11
10 32
34 27
16 28
21 38
16 35
20 9
33 39
27 38
21 17
13 36
34 24
39 8
12 35
34 31
19 21
10 26
39 28
36 36
17 25
36 34
37 30
34 26
12 29
29 17
31 17
27 32
29 23
39 20
8 14
39 25
34 27
34 38
38 30
35 13
12 24
31 11
32 38
24 27
27 11
29 15
35 13
29 16
23 27
26 34
35 17
26 17
22 32
22 23
17 35
28 19
23 21
39 23
37 39
33 8
10 10
23 22
20 13
28 28
29 14
36 31
39 17
26 15
20 34
15 18
13 20
19 29
9 8
38 39
32 23
38 25
25 38
17 18
11 23
37 11
34 20
25 37
25 14
29 37
30 26
38 15
16 9
20 31
28 31
36 39
38 37
23 17
21 28
35 36
17 30
26 37
10 32
35 9
23 23
36 17
9 19
21 23
26 15
12 37
18 25
32 15
10 32
15 36
28 33
14 17
16 18
35 8
26 38
10 25
28 31
22 10
11 9
33 38
22 8
15 35
31 9
28 18
24 21
34 23
16 11
24 37
33 29
15 22
11 36
14 25
35 39
12 18
12 33
18 16
33 25
18 37
39 38
20 12
15 12
10 21
27 35
30 35
12 11
22 30
8 20
32 12
13 23
34 9
37 32
25 33
18 11
29 10
13 38
15 36
19 39
22 39
31 25
37 31
36 24
34 39
31 11
35 23
23 32
24 20
21 30
37 33
23 26
21 21
24 24
11 35
11 36
25 39
24 16
29 24
23 26
22 29
20 39
37 19
29 15
8 22
37 38
36 18
8 20
26 18
31 19
17 14
34 20
24 38
33 8
9 33
18 16
16 16
21 14
10 38
15 24
21 22
9 33
35 29
39 23
37 18
9 33
9 25
37 33
25 38
25 28
28 31
31 34
26 22
31 39
36 32
37 25
24 21
35 31
21 37
24 18
33 16
37 24
35 11
12 12
37 23
8 23
18 11
23 33
31 36
21 20
21 23
32 12
22 11
38 26
35 10
34 12
27 31
34 39
10 36
22 28
19 29
36 29
8 20
31 37
36 33
9 24
15 37
9 12
19 26
31 37
37 34
20 20
26 15
33 34
18 38
33 31
28 27
30 19
19 35
33 9
16 39
19 29
14 9
36 18
26 26
15 11
17 37
18 24
30 10
27 28
10 12
38 11
31 8
26 31
38 26
33 39
9 18
22 16
30 33
29 18
13 20
34 15
36 38
39 25
27 14
25 33
32 39
32 21
19 8
20 22
13 12
15 27
37 13
14 23
12 30
35 15
28 18
27 25
12 17
22 24
38 11
27 22
33 36
33 15
20 23
14 17
8 18
11 25
10 38
15 28
24 27
28 32
27 31
27 15
31 12
21 34
30 31
27 33
37 29
8 31
8 10
25 9
23 19
32 13
35 21
23 32
33 35
8 12
37 29
19 12
32 28
15 29
34 15
8 35
25 26
30 33
34 21
37 11
21 39
31 12
10 20
21 22
29 15
28 31
18 12
25 12
17 33
28 34
15 20
34 12
29 35
12 18
13 19
11 26
17 20
38 17
12 20
38 25
36 31
16 16
30 18
28 28
16 27
11 38
39 9
39 12
15 20
38 32
29 39
31 31
26 8
10 12
9 9
31 14
22 9
12 18
15 22
10 34
23 17
10 36
22 36
34 24
36 11
22 14
24 18
20 37
37 39
9 29
33 31
36 22
14 30
16 25
15 11
34 12
15 34
18 30
29 36
34 36
23 18
29 38
10 35
22 39
13 29
29 14
22 35
26 38
36 19
17 8
31 16
27 26
30 36
14 37
32 21
9 26
33 12
23 25
22 24
33 30
10 25
28 30
27 24
22 17
39 29
10 23
18 29
29 23
33 31
19 37
15 20
18 19
27 22
16 17
27 19
14 24
16 16
14 33
22 28
25 23
22 33
18 20
23 20
31 34
33 31
22 39
25 19
17 20
21 21
35 25
13 33
23 10
13 33
16 38
34 12
37 29
13 37
26 22
28 36
26 24
32 20
9 15
