934
14 13
22 23
8 20
25 15
23 17
9 12
14 10
26 13
27 26
25 8
11 18
13 11
15 20
25 14
25 26
16 19
12 22
25 11
24 23
11 12
8 16
11 16
10 19
18 22
14 9
21 21
20 12
14 23
26 12
27 19
23 9
13 17
9 18
18 18
16 15
19 21
10 27
14 18
15 15
13 14
8 26
15 14
17 19
15 11
15 16
11 10
27 8
13 18
22 17
19 18
8 21
8 21
19 8
25 18
17 16
26 8
27 11
25 21
27 20
19 15
26 16
15 11
21 12
12 18
21 19
17 19
21 9
27 12
19 13
21 14
27 26
26 12
8 11
23 15
15 24
12 20
22 23
26 20
20 25
21 15
9 26
23 11
12 8
16 12
11 8
12 25
25 19
25 20
27 10
10 13
13 25
23 17
8 27
11 20
25 13
24 24
12 16
21 22
22 21
26 12
19 14
22 18
22 8
19 18
26 23
24 22
27 9
12 10
27 18
15 26
15 9
10 16
19 9
27 22
13 19
23 16
17 18
11 18
25 13
11 27
18 9
13 23
27 27
23 13
17 10
13 10
24 10
15 8
26 20
14 13
14 23
26 17
8 17
19 14
14 24
9 23
8 13
16 18
9 17
23 16
26 20
12 17
22 27
15 22
15 15
22 15
12 8
23 25
22 12
9 24
8 8
22 12
12 19
10 17
10 10
22 20
18 9
21 9
12 8
25 25
10 21
24 13
24 26
26 10
26 20
9 15
14 23
8 9
12 23
12 19
19 8
21 11
21 22
13 16
17 8
15 10
26 27
8 25
13 24
8 27
23 21
27 13
18 9
9 9
8 25
16 18
12 15
21 13
20 14
15 20
12 12
25 18
21 24
17 21
23 10
8 20
23 8
11 11
17 14
13 20
27 20
25 19
8 26
16 9
22 12
12 23
16 21
9 19
23 9
18 12
27 22
24 20
27 26
14 16
19 23
14 15
9 20
9 11
22 21
8 25
22 13
17 21
13 22
21 12
21 16
23 10
16 13
23 8
21 24
14 12
16 12
22 14
27 13
9 26
12 18
15 9
13 11
21 19
27 10
15 15
21 16
22 20
21 23
21 25
26 12
21 19
17 19
13 13
27 8
24 11
12 24
11 9
18 8
20 17
19 19
25 18
12 23
25 26
9 10
19 16
27 27
20 16
21 18
18 22
20 18
8 27
12 18
26 13
20 18
8 13
13 9
20 20
22 9
27 18
20 27
25 9
15 9
16 12
21 13
12 14
22 11
11 21
27 26
11 14
22 26
26 17
27 21
14 8
8 17
21 15
12 17
13 16
20 18
25 25
17 27
19 10
21 11
27 15
20 27
12 25
14 16
12 24
25 16
17 9
27 16
25 17
15 22
12 26
12 16
14 9
21 9
8 26
9 18
21 10
25 20
24 27
19 26
19 21
18 9
10 21
15 24
21 23
14 19
20 25
26 27
16 24
23 26
13 13
19 16
22 17
25 24
9 14
22 27
26 10
22 12
13 27
26 20
18 24
12 17
15 17
9 24
10 26
13 24
21 14
22 14
17 13
24 26
21 20
8 20
16 20
12 26
9 21
15 13
23 15
19 21
13 27
11 8
10 20
16 9
12 12
13 26
15 25
9 11
23 13
13 15
8 24
10 14
9 11
19 22
15 24
17 26
10 8
19 17
8 12
16 26
14 9
8 9
27 24
17 18
26 8
25 15
21 11
26 8
8 24
27 12
14 9
27 15
17 14
16 14
18 17
19 18
23 16
10 17
12 8
25 13
22 16
8 9
14 17
16 19
22 21
10 14
15 16
13 14
12 20
21 15
12 25
20 9
23 12
17 25
19 27
24 15
9 17
20 25
23 17
9 25
19 20
20 16
20 18
22 17
8 25
25 13
11 27
18 14
9 21
17 22
16 22
23 18
21 8
15 13
24 8
23 9
20 16
12 12
14 22
14 21
15 11
10 27
9 15
19 26
26 14
9 19
10 9
24 21
20 23
27 10
12 23
27 12
17 8
16 24
11 19
8 13
10 20
18 11
23 23
26 22
10 20
23 8
10 20
15 23
25 27
17 27
17 27
11 8
15 22
13 13
25 20
26 10
21 11
27 20
11 19
8 17
18 11
9 21
11 9
18 24
17 25
9 14
19 20
11 17
21 26
8 12
21 24
12 19
17 22
27 13
24 13
20 18
9 10
19 10
8 9
25 22
16 9
25 10
11 11
14 24
21 16
11 13
15 12
23 16
16 18
16 22
16 11
25 21
24 18
8 15
13 13
17 10
12 20
26 11
18 24
16 20
10 19
16 10
24 23
9 11
23 21
23 16
20 8
23 21
9 26
16 22
26 17
23 24
17 27
15 15
27 23
26 25
21 22
17 11
20 19
8 19
17 16
8 9
10 23
22 10
26 18
12 21
20 8
20 24
25 12
9 22
25 15
27 9
26 13
26 21
26 14
20 9
12 14
17 10
22 11
10 11
22 17
9 18
9 18
19 15
17 27
23 10
15 18
20 14
11 14
10 13
20 18
10 13
18 20
10 13
8 11
27 25
22 9
27 11
14 12
20 16
16 20
12 21
23 9
13 16
26 14
27 23
26 24
22 15
8 20
25 9
15 9
11 21
24 18
19 15
21 16
8 23
26 27
21 17
16 11
14 26
11 21
25 21
14 15
13 26
19 13
9 12
8 13
25 9
25 13
17 19
9 8
14 8
23 10
23 25
26 15
16 24
18 20
10 20
20 27
19 25
21 27
14 21
19 24
10 16
18 11
19 14
26 19
19 18
13 8
12 9
13 22
11 20
17 23
16 24
20 14
22 11
12 22
26 18
15 26
25 13
12 18
21 26
25 25
22 12
17 25
22 19
9 19
22 14
13 24
20 23
16 18
23 15
22 19
24 21
27 23
15 26
22 20
26 11
21 11
27 22
15 20
13 15
20 19
21 8
14 15
14 23
20 20
13 13
26 20
15 18
15 21
15 12
9 8
19 14
11 23
26 14
25 17
9 20
20 22
17 9
9 17
24 17
26 15
22 16
23 9
16 18
20 9
9 21
24 10
16 25
15 21
20 21
9 12
10 10
21 16
15 14
18 24
22 13
16 12
17 19
16 27
13 19
14 10
23 9
8 27
27 16
9 18
25 13
9 26
25 9
19 20
21 10
13 11
22 20
26 24
11 9
17 12
26 24
13 25
19 9
22 26
13 15
17 20
24 14
14 22
25 20
11 23
8 10
17 27
17 22
27 21
25 15
22 21
20 16
17 19
18 15
23 15
18 27
18 24
17 17
15 12
12 25
10 10
15 26
27 25
8 14
26 17
12 15
23 19
19 20
20 11
15 10
11 11
27 17
9 16
23 19
8 20
18 10
25 10
14 8
25 11
15 15
20 11
10 11
10 8
16 26
8 16
27 9
17 22
14 14
11 18
23 18
27 25
14 25
16 17
21 15
27 20
15 22
8 12
9 22
26 19
10 18
18 8
10 17
11 18
12 25
17 27
18 12
18 13
16 13
8 12
25 20
18 21
24 12
24 25
14 25
12 15
8 16
19 15
16 18
8 10
15 9
23 17
19 20
19 8
10 16
18 17
26 13
16 19
13 12
27 14
17 9
15 12
26 13
22 11
23 8
11 17
10 27
15 20
18 12
24 16
9 17
26 21
23 10
9 8
25 19
11 23
8 13
14 13
9 21
13 11
20 17
12 15
18 19
26 11
14 20
17 13
11 23
27 8
22 20
27 16
24 16
13 12
25 15
14 9
27 24
16 19
18 12
14 26
20 22
9 15
16 14
15 20
14 12
22 19
9 10
9 9
19 26
13 14
19 15
17 16
12 27
10 11
18 8
22 23
20 23
17 13
25 20
21 18
14 8
12 13
27 10
22 20
9 25
13 10
11 25
26 17
8 18
9 15
19 13
11 20
12 17
14 8
16 20
14 25
18 18
20 25
9 25
8 9
24 25
16 10
17 19
12 14
13 13
8 22
24 15
11 25
9 11
12 10
20 13
19 20
8 27
15 10
18 8
16 17
11 14
19 18
17 20
18 13
8 21
15 17
23 8
8 17
11 15
22 11
10 24
25 25
13 12
16 10
27 20
22 26
25 26
24 9
22 10
24 24
8 26
16 27
13 13
15 25
22 10
13 25
12 24
19 18
10 27
9 21
22 19
17 23
20 15
21 16
11 10
15 13
18 10
8 9
