677
9 10
2 -2
-1 13
1 -1
13 16
10 1
4 15
5 -3
9 19
8 -4
20 15
18 20
20 13
12 11
14 -1
5 13
14 13
1 7
17 13
1 15
-1 -1
7 2
20 1
-2 3
1 13
12 18
12 10
7 8
-3 1
-2 14
10 -2
6 10
1 4
6 2
18 4
13 -3
4 10
4 16
17 7
5 8
14 -3
5 0
2 15
15 12
4 3
14 8
13 2
5 14
8 15
6 11
20 14
1 5
12 1
0 16
9 10
4 -3
3 -3
20 -4
12 1
8 12
-3 -2
14 16
16 2
13 5
-4 20
-4 3
12 9
0 14
13 14
-2 2
1 10
1 17
6 13
-1 16
11 -1
1 14
14 1
-1 7
1 18
6 -3
16 4
11 3
5 1
10 15
7 16
6 1
18 -3
-4 1
9 -1
15 18
-1 15
5 -1
13 -1
14 2
17 -2
19 3
5 17
8 3
5 12
3 3
10 8
15 12
3 9
14 13
14 9
15 0
11 12
9 7
20 5
18 5
20 11
8 14
13 16
-1 20
19 14
19 -1
12 4
17 12
18 9
11 -1
14 0
2 15
13 0
2 8
-4 13
19 -1
19 13
5 9
9 11
-1 4
2 9
11 2
-4 9
8 3
-1 15
19 18
8 2
13 16
13 20
9 6
18 8
10 -2
12 12
10 8
1 0
16 9
-1 11
0 3
10 1
-1 0
10 8
-4 20
20 7
14 17
5 16
4 13
20 15
15 -4
5 17
15 -4
3 -1
8 10
19 -4
12 4
11 0
18 0
9 18
-4 12
11 -4
15 14
1 3
8 4
16 15
4 -3
15 -3
13 4
9 5
18 7
3 14
3 -1
5 -3
4 20
8 -4
16 6
1 -2
-1 12
6 -3
19 -1
19 0
15 16
3 17
12 11
10 -3
10 15
3 7
13 14
-2 -3
-4 13
4 -2
12 13
18 19
6 10
14 13
11 2
9 15
17 2
3 9
0 2
19 19
6 1
5 5
0 3
20 9
18 3
14 -2
8 19
-2 16
-1 19
11 7
18 1
2 9
14 -3
9 12
20 7
9 2
2 16
0 2
-4 6
1 19
3 1
20 8
4 5
5 4
8 5
15 14
17 14
10 20
9 7
0 13
0 -2
19 11
11 -1
13 -1
13 15
15 17
1 4
10 -4
1 0
7 -1
8 9
-3 4
17 16
-4 4
7 -4
10 5
-1 -1
-4 6
16 11
9 15
18 9
17 0
18 -1
4 7
1 15
9 0
15 1
3 3
6 8
9 -3
17 19
4 6
15 3
8 14
11 -4
17 12
10 0
9 -2
4 20
3 13
-3 0
17 5
-3 18
5 10
15 11
7 20
-1 6
18 10
20 10
6 12
11 17
15 18
10 2
18 -1
10 1
4 17
-3 -1
19 -4
3 5
19 16
13 4
1 11
13 12
3 1
9 3
2 7
3 16
11 0
4 20
7 20
-1 15
12 10
1 0
19 17
17 18
10 3
18 7
5 4
0 5
-3 -4
19 12
8 15
-4 9
13 -1
1 1
4 7
-3 19
6 4
-4 0
-3 5
3 17
11 5
5 1
-2 3
3 0
16 2
3 8
5 -4
-2 18
2 9
8 3
-4 -4
13 9
-3 -3
20 11
5 0
6 6
11 10
4 12
-1 5
8 8
14 11
4 18
18 17
-1 9
5 1
12 19
15 16
-1 10
20 18
14 6
-2 10
12 9
-1 14
20 7
2 5
5 16
6 1
2 11
9 15
14 8
19 14
10 14
-4 11
-1 19
19 3
3 2
-3 8
12 2
8 4
0 11
12 9
16 18
0 0
4 10
7 18
9 2
5 -3
7 13
9 14
3 20
-3 1
-2 -1
3 2
14 0
3 2
11 -3
6 1
7 12
16 2
5 4
4 13
7 3
0 8
4 13
-3 -4
16 12
18 15
3 -3
12 13
12 2
0 12
18 -2
7 11
16 15
-1 1
19 20
0 8
-3 19
3 -1
2 12
1 11
19 14
-4 5
14 20
-2 20
5 2
5 -1
9 1
2 20
13 4
-4 15
14 13
6 0
-1 -3
19 20
0 20
3 -3
10 6
14 13
16 -1
15 20
13 1
15 18
-2 7
0 14
-1 -4
14 11
19 1
-4 15
5 6
-1 -4
-1 14
1 2
16 13
19 18
3 1
9 -1
8 11
20 20
19 2
17 -2
-4 15
-1 12
6 1
16 15
9 10
-4 6
4 16
5 17
0 -1
9 -3
4 19
17 12
5 14
16 7
14 -4
20 13
11 9
7 9
7 -4
4 18
-1 -2
16 4
2 17
15 -3
12 -2
-2 9
8 4
12 17
9 7
-4 15
1 13
9 11
10 7
-3 2
0 10
19 8
18 0
8 8
9 4
4 1
20 10
7 13
0 -2
3 6
9 8
14 17
18 13
7 14
14 1
-4 7
-2 -3
-4 14
-1 17
7 7
20 13
2 17
16 3
0 2
17 12
7 14
3 4
9 -1
4 9
17 3
-1 15
1 4
-1 5
5 18
1 9
17 6
7 13
6 13
6 17
11 -4
11 15
3 11
-1 11
1 19
8 7
4 12
20 12
19 0
14 -4
10 7
11 6
11 8
0 9
17 13
4 -3
10 11
16 6
12 6
-3 3
-1 11
-2 17
18 4
-1 17
12 14
11 -3
1 14
1 20
-4 17
3 2
-2 6
12 18
10 3
2 -1
19 17
16 8
13 0
10 3
15 12
18 17
-3 9
10 14
3 14
-4 -2
3 8
2 -3
-4 0
-2 4
19 2
-2 8
2 0
10 -4
-3 5
0 -1
20 6
-4 3
17 5
3 18
-3 3
-1 16
-4 16
19 8
9 19
17 1
9 3
9 11
9 13
6 6
9 12
10 0
18 8
-4 15
19 2
13 4
3 -2
10 -1
12 7
18 12
5 6
-1 -1
9 0
14 16
20 8
6 1
-4 19
18 -1
17 4
8 14
3 2
4 10
10 5
8 20
4 16
19 19
7 14
12 1
6 -3
-2 13
-3 14
6 20
1 -3
7 -2
-3 14
13 14
8 11
4 16
13 6
3 5
18 -2
19 7
3 3
9 18
2 0
10 5
13 5
-3 14
-3 17
18 0
4 17
9 13
12 7
4 -3
18 0
2 16
5 17
1 4
13 11
-4 17
1 16
3 18
11 3
1 5
18 14
1 16
0 10
17 -4
-4 15
5 -3
16 -3
0 -4
13 -3
-2 6
18 16
