922
5 1
-4 -9
-14 2
-15 1
6 -14
0 -12
5 -17
-16 5
0 -12
-8 -2
-7 -5
-2 2
-7 2
-5 2
3 1
-9 -11
-8 -8
-2 4
-11 -14
6 -11
5 -6
-10 -8
6 6
-15 -5
-17 -8
-15 1
-9 -9
-14 -4
-9 -4
-4 -10
-15 6
-5 -4
-17 -8
-2 2
-13 2
-14 4
-8 -12
4 6
5 2
-16 5
-15 -5
5 -9
-2 -9
6 -9
-16 6
-11 -1
-10 -7
-2 0
-3 -12
-15 -4
-5 -7
-3 4
-9 4
1 -16
-2 -14
-12 -12
-13 -6
0 -2
2 -12
-13 -17
2 -14
-2 -11
-14 1
-14 2
-15 -12
-9 -2
-5 6
-4 -12
1 -14
-6 -16
-11 2
3 -2
-2 -7
-14 -4
6 -15
1 -1
-10 -11
-4 -15
-7 5
-3 2
6 5
5 -5
6 -14
1 6
-12 -8
-8 -16
-13 -3
-10 -3
-12 -10
4 -2
3 -4
4 1
-17 0
-1 -15
-9 3
-17 6
-15 -4
2 -13
-1 0
4 -2
-1 -3
-14 1
0 -4
-15 -14
-2 2
-3 -1
5 -5
0 1
-17 -11
1 -7
-2 -8
2 -11
2 -14
-9 -5
4 -12
-15 -5
-14 -6
-14 -10
1 5
-8 -1
-2 6
5 6
-15 6
-1 -6
-1 -13
-14 -9
4 -4
-1 6
-8 -16
-5 -4
1 1
-13 -16
6 -14
-15 -10
-7 -2
-7 1
2 -6
-4 -11
-16 6
4 -6
-10 -14
-10 5
-16 6
-13 -4
-15 6
6 -1
-8 -6
-11 -14
-15 -1
-6 -5
-15 5
-14 5
-12 -1
-15 -4
-16 5
-3 4
-9 -17
1 1
-14 -5
-16 -17
-16 -7
-10 -15
-14 -9
-8 -3
-11 -14
-1 -5
-9 -13
-7 -16
-15 -11
-1 -2
-12 4
-15 -13
-10 4
3 1
-13 -11
0 -10
-2 -16
-16 1
-4 -11
0 -4
1 -3
1 -9
-6 -13
-9 6
-11 5
3 6
-9 2
-3 -11
-8 -7
-3 2
-15 -4
-14 -14
-10 3
-8 -5
4 -8
5 -14
2 -12
1 -9
-16 -8
4 0
-8 -1
-3 5
-6 4
-6 -11
-17 -5
-8 -6
-1 -10
0 4
-7 -8
5 -5
-7 -3
-1 6
-4 -3
-1 -17
-17 -9
-4 -7
-13 4
1 -11
1 2
5 -3
-9 3
-7 -6
-15 -15
-3 6
-8 -17
-15 -15
-5 -13
-9 -9
-17 1
3 -9
-1 -3
-17 -8
-14 4
-15 4
-11 5
1 -14
-5 3
-17 -10
-7 3
-5 -8
-9 -14
-4 4
-13 -14
-16 -8
5 -8
4 -1
4 -7
-4 -13
5 -5
-1 -10
3 0
-17 -10
-1 -10
-5 5
1 -9
-16 6
-9 -12
3 -14
-3 4
3 -3
-8 -17
4 -11
6 4
-3 3
-10 6
3 -6
4 -2
-2 4
-3 -17
-8 -15
6 -6
-9 0
-11 -4
-16 5
-1 -12
3 1
-14 -14
-12 -9
-1 2
-12 -2
-15 -15
1 -7
-10 4
-1 3
6 -3
-16 -16
-6 -7
-8 0
-5 -2
-10 -10
-11 -16
-6 -15
-7 6
-10 -13
-2 -15
-15 -3
-12 -3
-4 -4
-7 0
0 4
-1 1
6 5
-15 -6
4 3
-15 6
-2 -5
-1 -11
5 -17
-11 2
-7 -6
-14 3
-13 6
-3 -12
4 -6
3 2
-10 -15
-8 -6
-15 2
-14 1
-4 -6
-14 5
-1 -11
-17 3
-14 6
-15 -12
-4 -17
-10 4
-3 -9
6 -13
-6 -11
-4 -9
-8 -16
1 -9
-12 -8
0 1
-5 -6
-13 -10
-12 -13
-13 -4
-7 6
-3 -16
-12 3
-13 -3
-4 3
3 -17
-4 -8
-7 -11
2 -6
0 -11
-7 -10
1 4
-2 -14
-2 -9
-7 6
3 3
-14 -11
1 -8
-16 -5
-9 -1
-4 5
-9 -7
-6 -1
-13 -15
-7 -4
-17 6
-12 -16
-3 2
-13 -9
-3 -1
-5 -11
-9 -8
0 2
6 5
-16 2
1 1
2 -11
5 -5
-14 5
-14 -16
-2 0
-10 6
-15 6
1 4
-15 -4
-8 6
-14 -3
-10 -12
1 -6
-1 -3
-11 -12
-12 -8
-1 5
-2 -12
1 -10
-7 -4
-2 -15
-8 5
5 4
-14 -12
-6 5
-12 -3
-3 6
6 -14
-9 1
-5 -2
3 -16
4 -4
-2 -17
4 0
2 -2
1 -9
-12 4
6 -13
3 -8
5 -5
-7 0
4 -17
4 -1
-11 -1
5 -15
-6 -15
-13 -12
-11 -6
2 -6
-6 -6
-5 3
-2 1
-4 -16
2 -7
5 -6
-3 -6
-15 2
-14 -12
-3 4
-5 -5
4 5
-3 -13
-11 -9
-17 4
-9 -9
-16 4
-9 -1
-10 -12
-11 2
-6 -2
3 0
-6 -16
3 -4
-11 -5
-16 -1
-12 -15
-15 6
-11 -2
-13 -7
6 5
-17 -12
0 -8
2 -15
-3 -9
1 -11
-16 -11
-5 6
-11 -1
-15 -5
-3 -9
-15 -7
-17 -13
-15 -7
-7 -16
3 4
5 6
-12 -14
-1 -10
-3 4
-17 -5
-8 -11
4 6
-7 3
-5 6
1 -3
2 -7
-14 -17
3 -16
4 -12
-12 0
-9 -17
-6 -10
2 -17
-9 -12
-6 4
-2 -9
2 -15
-3 -7
-13 5
-10 -6
5 -5
5 4
5 -9
-7 -17
5 -14
-8 -12
5 5
-8 5
-12 3
-6 -1
4 -7
-8 2
1 -8
1 -13
-3 -16
2 -2
-2 -4
-14 -1
-3 -10
-5 -2
0 -17
-11 -12
-2 -9
1 -10
-3 -3
0 -3
-12 4
-5 -2
-2 -4
0 -16
-2 -7
-6 1
-17 3
-3 -9
1 6
-3 6
-10 -7
-2 3
-6 3
-8 -16
2 -10
-4 -14
-10 -10
-6 -10
-13 -16
-10 4
-12 -14
4 -2
-14 4
5 5
-6 -4
-5 5
4 -3
6 -3
-2 -11
-11 -12
1 2
-9 -8
-9 -1
-1 -12
-10 -2
-5 0
-13 -14
5 -17
-6 6
-14 -9
-3 5
-1 4
-2 -1
0 -1
-10 -17
-7 4
1 -14
-9 6
2 1
0 0
-4 0
-12 -6
-5 4
-16 -16
-13 -4
-1 -6
0 -12
4 -5
-7 -9
-14 -4
-8 6
0 1
-2 -3
-2 -10
-12 -14
5 -17
-11 -12
2 -9
-5 5
1 1
-17 -10
3 2
-12 2
-15 3
-10 -14
-2 5
-14 1
-7 4
-10 0
-15 -14
-14 -11
3 -11
-12 -5
-1 2
0 -14
-7 -7
-10 -13
-8 -4
0 -17
-2 -12
-14 -7
-5 -1
0 -12
-9 -2
6 -7
2 -5
-3 -11
-17 1
-3 -13
-10 -17
-5 3
-10 -9
1 3
4 0
-9 -7
-8 0
-2 -13
1 1
-10 -10
-4 -15
-9 6
-17 -4
-9 -2
5 -9
-3 -9
-17 6
-5 -4
-6 -14
-8 -6
3 -7
3 -1
-14 1
-12 -15
-14 6
6 -16
-7 -8
-6 -16
-9 -6
6 -12
-5 -13
6 4
-3 5
-9 -7
-8 3
-8 -5
-17 -10
-17 1
-4 -14
-10 1
-9 -7
-12 -3
-11 -7
-2 -14
-2 5
3 -8
-13 -15
-1 -6
6 6
-4 0
-8 -8
0 -2
-14 -14
-6 -15
-15 -16
-13 -8
-5 -9
4 -3
-6 2
-13 -8
-3 -8
-10 4
3 -17
-6 -6
-12 -17
4 -5
-7 -13
-14 -1
-17 -6
-10 -16
-6 -8
-14 -7
-14 -14
-7 5
6 -12
-10 6
5 3
4 -16
1 -12
-16 2
6 -10
4 5
4 -14
-16 -4
-9 2
1 -3
-16 -17
-11 -6
-4 -17
-7 -6
-17 4
6 5
-14 -12
3 -15
-15 -14
-13 -3
-3 -16
-4 -16
3 -5
-13 2
6 -10
-8 2
1 -12
-6 4
-3 3
-6 -10
6 -10
0 -9
-1 2
3 -4
-14 -5
5 2
-17 -7
5 5
-11 -14
4 -10
-10 -10
-7 -4
-11 -1
-16 -1
-4 4
-11 -7
-6 4
-6 -3
-1 -5
-11 -11
-1 -6
-17 4
-14 -7
-4 -8
-2 5
5 -3
0 -3
-12 -2
-5 5
-2 1
1 -9
-1 -17
-2 -13
-13 -3
-7 -17
-6 1
-1 4
6 -9
-13 -12
-15 -15
1 -14
-2 -9
-1 -11
3 0
-17 -13
2 -16
2 -9
1 -13
-5 6
-13 -5
-17 0
0 2
1 2
5 1
2 -5
4 2
-10 -15
-12 -5
-13 3
6 -8
-11 -6
-13 3
-4 -13
-6 1
-1 -6
-13 -17
-14 1
-7 -14
-16 -17
-4 6
-3 -11
4 -17
-6 -15
1 -12
-5 -2
-8 -5
-3 -3
-6 3
6 -4
2 -1
-9 2
3 -13
4 -9
-2 -11
-10 -1
-9 2
0 -10
-11 2
5 6
-3 2
-3 -9
-5 5
-15 2
4 -8
-2 -1
-1 -4
-6 -6
0 1
-17 -12
-12 6
3 -10
-6 3
2 -11
-10 -3
-4 -7
-17 -9
3 -4
4 -8
3 -1
-14 -13
-15 -7
-10 -3
-3 4
-5 -1
-5 -11
-12 -16
-16 0
-2 0
-8 5
3 5
5 2
-12 -5
4 -6
-5 1
6 -11
4 -10
-8 -9
-2 -5
5 -5
-3 5
-1 -8
4 -5
-14 0
-10 -11
-9 -10
5 4
-16 -10
-6 5
-17 -13
1 -15
-8 -8
-8 -11
-1 3
-8 1
-13 -2
2 -17
-10 -14
6 3
2 -12
-11 6
-13 6
1 -8
2 1
0 0
-4 -9
4 -5
-14 2
-6 1
3 -3
-7 -4
-7 -15
-13 -1
-6 -13
-17 -11
-15 -17
-16 -3
-8 -9
1 2
-9 -6
2 3
-13 -16
-9 -7
5 -17
-1 -17
-13 -9
-3 -6
-6 -5
-1 -8
-2 -14
-13 1
4 1
-17 -6
-1 2
4 -12
-8 -9
0 5
5 -17
-8 -12
-11 -6
-4 5
-6 -6
5 -7
-8 -2
-14 -17
0 3
-10 -10
