774
12 12
18 22
21 17
19 12
13 18
16 23
8 18
22 14
15 11
21 11
17 14
8 22
22 8
21 13
13 16
23 9
12 20
8 6
23 14
16 5
15 17
10 17
16 8
21 19
7 12
9 11
19 7
18 16
20 19
12 4
11 4
10 11
7 8
15 21
17 19
7 19
20 16
23 11
17 19
10 12
11 9
17 4
17 11
15 22
19 21
20 15
9 16
22 6
8 14
10 17
14 12
20 7
21 12
10 11
12 9
14 19
20 11
20 16
7 15
22 17
23 12
16 19
16 22
6 16
22 15
5 7
23 11
13 21
19 11
8 8
14 4
6 14
5 18
13 14
15 11
22 21
14 11
13 14
15 12
14 22
21 10
15 5
23 22
16 12
13 19
14 21
20 4
19 14
12 9
10 13
7 19
13 17
5 10
5 7
7 4
10 5
4 19
23 4
14 18
7 6
7 19
5 14
23 21
20 11
22 19
6 15
4 9
12 9
17 20
15 15
12 8
19 12
20 14
16 9
17 14
11 20
9 21
7 21
9 12
18 14
19 15
21 15
9 10
15 6
19 18
17 13
20 19
8 21
7 14
9 19
23 4
13 19
18 15
15 10
17 18
17 8
9 19
9 17
23 18
18 13
12 14
8 14
7 20
14 23
6 18
19 14
16 4
19 11
6 5
23 9
15 6
23 19
4 21
6 7
4 15
20 10
8 22
14 23
15 19
11 9
8 21
14 4
13 5
9 11
17 11
8 23
22 19
13 12
6 10
12 17
21 5
17 8
11 10
11 20
7 16
22 10
14 18
12 20
11 13
18 22
4 10
21 13
17 23
9 11
8 14
12 8
19 6
19 21
23 17
19 11
20 5
13 14
9 12
22 21
18 23
11 5
12 14
10 15
17 22
15 22
8 17
19 22
17 22
19 23
16 16
10 20
14 4
16 16
19 13
5 15
6 6
20 4
14 12
4 13
8 7
4 4
16 21
12 23
10 21
22 12
18 6
4 11
18 15
13 5
11 9
20 12
11 10
7 18
4 7
13 6
20 6
19 9
20 23
21 9
5 15
19 13
10 20
7 17
11 6
10 7
18 18
9 4
18 10
23 16
11 5
8 15
4 11
6 18
13 19
17 6
13 10
19 12
23 20
15 21
14 18
8 14
14 9
19 12
8 9
8 4
22 8
4 15
7 14
7 16
5 12
4 4
15 4
17 22
12 18
22 7
5 10
7 9
23 11
10 16
5 14
17 4
10 21
22 23
15 4
4 18
18 19
16 14
22 8
19 11
17 4
12 7
9 4
19 11
7 10
18 13
4 15
9 9
5 6
18 12
16 4
7 5
23 6
11 19
5 20
17 6
23 8
10 16
9 19
9 6
18 12
4 13
13 7
5 10
12 20
17 6
12 5
22 12
7 20
4 17
15 13
20 19
14 9
14 8
6 13
13 11
8 23
5 19
14 14
21 15
20 13
21 12
14 15
16 8
21 21
16 13
11 22
5 18
23 12
9 7
11 5
11 22
10 11
6 14
22 5
19 21
8 12
13 23
20 18
9 15
11 19
20 9
5 21
10 23
11 6
13 17
6 16
10 18
20 18
5 18
20 16
23 17
17 19
13 4
21 9
17 5
10 23
20 18
16 12
14 9
22 18
5 19
16 14
21 8
12 16
13 21
10 7
13 16
22 10
20 9
21 12
20 4
12 15
23 21
4 14
12 15
11 8
8 13
10 19
10 19
20 10
15 11
13 13
7 17
20 19
20 14
21 14
23 21
18 5
17 13
9 21
11 15
15 20
18 4
9 16
8 13
10 6
12 4
7 12
20 19
11 16
6 14
17 7
17 18
22 19
9 22
12 23
4 9
18 7
14 14
16 22
22 14
19 14
18 6
8 5
19 10
11 10
5 11
22 11
18 10
12 11
14 10
20 20
6 8
21 4
17 18
18 7
8 21
22 14
14 9
17 6
11 10
11 21
19 17
14 20
11 9
8 17
5 13
23 11
20 12
4 9
7 10
8 22
15 21
9 18
23 10
21 4
15 15
22 6
22 12
12 9
13 21
18 20
15 17
17 17
17 16
7 7
12 21
8 7
19 18
7 19
19 23
13 23
9 19
19 22
15 7
9 21
14 17
13 9
12 19
11 6
8 23
4 11
17 12
21 15
5 7
14 19
17 10
19 23
21 16
23 23
19 8
18 18
18 13
4 22
22 21
17 17
4 15
19 5
18 14
17 7
19 20
14 14
13 7
8 12
6 8
8 6
16 20
18 4
23 5
6 11
15 5
20 5
15 10
5 23
13 19
16 17
23 16
23 15
11 21
21 11
7 4
9 6
8 9
4 4
5 20
9 10
13 16
13 14
6 12
15 4
20 18
16 5
10 19
10 13
12 9
17 21
5 13
11 6
10 11
12 14
15 9
4 17
9 22
18 12
9 16
7 13
18 19
12 15
23 11
13 4
9 12
16 20
21 21
15 4
10 17
15 13
23 10
18 8
12 11
12 17
10 17
16 19
9 14
15 6
7 5
20 6
13 4
17 8
10 15
23 12
19 9
17 4
4 9
22 13
5 8
11 18
4 22
15 17
9 14
10 22
12 21
4 19
7 7
13 18
9 20
8 14
20 17
15 5
20 16
10 7
12 12
11 14
22 11
11 7
8 11
4 10
23 8
17 21
10 4
18 17
23 17
15 17
5 23
14 17
14 15
19 16
11 14
19 4
4 6
5 23
21 20
4 10
19 9
19 11
10 5
23 7
22 17
12 10
10 17
19 14
14 11
12 8
11 21
4 17
13 18
19 16
12 6
14 6
18 4
21 15
6 17
12 6
13 16
19 13
14 14
19 14
13 13
17 19
18 12
8 21
13 17
23 23
9 8
9 11
13 14
12 13
17 14
10 8
11 23
23 7
21 12
16 14
13 22
11 23
16 17
12 18
20 19
9 20
14 5
5 21
12 22
13 7
23 11
19 16
23 8
19 16
16 17
10 23
23 17
6 23
13 6
4 11
4 14
14 5
6 12
4 10
20 19
15 19
12 23
7 18
20 14
7 9
6 10
5 22
23 23
20 17
18 11
15 11
15 6
19 12
13 17
11 16
21 7
10 10
10 15
8 13
20 6
17 20
5 9
13 12
6 23
15 23
19 17
16 16
15 5
17 10
7 10
22 6
8 17
22 22
7 15
23 20
10 17
8 17
23 17
19 11
5 8
13 13
20 17
13 18
6 15
22 11
19 19
10 13
6 4
13 6
8 10
15 4
23 18
19 5
21 20
15 4
20 23
4 4
4 6
14 21
7 23
16 23
15 17
11 18
8 10
13 5
13 15
23 5
6 14
22 21
14 6
4 8
12 11
17 11
17 4
8 21
13 15
6 14
22 23
15 12
6 20
23 17
21 23
23 18
17 8
9 11
19 16
10 9
21 5
18 19
13 4
22 7
5 10
15 7
17 16
13 8
16 18
17 7
8 17
18 16
13 15
18 9
7 7
