79
-70 -66
-59 -62
-68 -63
-58 -63
-58 -67
-59 -58
-66 -60
-66 -58
-62 -67
-62 -64
-58 -68
-60 -67
-70 -62
-68 -70
-69 -68
-67 -63
-62 -66
-70 -62
-64 -66
-58 -64
-69 -63
-66 -61
-63 -66
-63 -65
-67 -68
-59 -63
-69 -62
-68 -66
-65 -58
-61 -62
-61 -60
-64 -62
-62 -70
-68 -65
-62 -66
-67 -67
-70 -58
-68 -64
-70 -63
-67 -64
-67 -62
-58 -65
-60 -70
-67 -66
-63 -68
-63 -64
-70 -70
-70 -65
-68 -70
-61 -70
-58 -64
-65 -66
-70 -64
-67 -66
-65 -65
-62 -66
-66 -62
-59 -68
-68 -61
-61 -64
-62 -69
-66 -64
-59 -65
-60 -67
-60 -58
-62 -62
-62 -58
-63 -68
-68 -60
-70 -65
-66 -68
-60 -64
-64 -61
-59 -65
-59 -61
-62 -70
-59 -64
-66 -62
-60 -62
