94
97 79
97 81
97 82
97 92
100 86
88 86
81 82
93 82
94 85
95 92
82 93
94 99
91 85
95 95
94 87
84 89
88 84
84 89
102 99
93 95
84 100
82 101
80 101
96 85
101 85
87 98
88 101
78 98
79 100
79 103
80 86
90 78
91 79
84 88
85 94
80 98
79 90
99 78
100 86
83 90
96 80
82 85
87 82
86 88
86 93
91 87
82 84
93 85
99 99
99 86
79 91
101 86
103 87
96 91
85 100
82 83
82 100
79 103
92 90
84 99
82 93
101 101
95 79
82 84
91 98
86 80
87 93
79 100
103 80
89 78
85 92
95 89
99 99
101 95
81 82
102 89
93 85
88 95
98 90
89 83
99 96
102 96
101 97
85 84
91 101
96 99
96 83
86 91
78 97
89 91
89 98
102 85
95 91
81 87
